pos	id	t2d	t2d_pp	Islet_ENSG00000165066_expr	Islet_ENSG00000165066_expr_pp	combined_pp	PANC.ISLT_10_EnhA2	PANC.ISLT_11_EnhWk	PANC.ISLT_1_TssA	PANC.ISLT_9_EnhA1
41457094	rs2977844	2.36331155204672	1.34630821034297e-24	0.719194071606333	5.24229995885239e-07	2.68346831588511e-29	0	0	0	0
41457697	rs34709394	3.90692869362394	5.52501645892984e-23	2.23874892569134	1.90110556185834e-06	3.99364924494456e-27	0	0	0	0
41458606	rs1978546	2.26320524507564	9.97604071312447e-25	1.89143497626717	2.44927316545593e-06	9.29021035280678e-29	0	1	0	0
41459421	rs35698806	3.8921119748172	5.34933729334531e-23	2.23874892569134	1.88287048932169e-06	3.82957466644141e-27	0	0	0	0
41460004	rs35222983	3.90692869362394	5.52501645892984e-23	2.23874892569134	1.88287048932169e-06	3.95534285884555e-27	0	0	0	0
41460023	rs11985557	2.39826585173989	1.40851424969924e-24	1.89143497626717	2.44859446930019e-06	1.31131859467568e-28	0	0	0	0
41460083	rs13256154	3.95039438740503	6.01272203334849e-23	2.23874892569134	1.88287048932169e-06	4.3044898297796e-27	0	0	0	0
41460187	rs11996226	7.49866682135443	1.22158220772443e-19	1.15658033479508	8.76884836229921e-07	4.07282142825182e-24	0	0	0	0
41460275	rs13267399	3.8921119748172	5.34933729334531e-23	2.23874892569134	1.90110556185834e-06	3.86666302287545e-27	0	0	0	0
41460789	rs13275940	0.288699040083834	2.48588637083821e-26	0.491201034596095	3.94214042932456e-07	3.72600535370905e-31	0	0	0	0
41462638	rs755552	7.49866682135443	1.22158220772443e-19	1.15658033479508	8.76869470489689e-07	4.0727500597967e-24	0	1	0	0
41462898	rs2354575	16.4358075393738	4.88643027129251e-11	4.93442028527155	6.3581103643342e-05	1.18127191420002e-13	0	0	0	0
41462955	rs2354576	2.21695442788531	8.91270819200444e-25	1.89143497626717	2.44936814313177e-06	8.3003014065996e-29	0	0	0	0
41463526	rs151125162	0.640543979879013	1.57045395842903e-25	1.6548223834573	6.88342479109396e-07	4.11017099881777e-30	0	0	0	0
41463720	rs60423541	11.7950664776459	1.27662050896675e-15	2.97142874730746	7.84525039870656e-06	3.80801576003322e-19	0	0	0	0
41464871	rs10504041	11.8719239873313	1.51520747455e-15	2.97142874730746	7.84833138307021e-06	4.52146888521408e-19	0	0	0	0
41465177	rs146255855	2.71197446461164	9.79538937446636e-24	0.0943659986730453	4.82065833157709e-07	1.7953873717984e-28	0	0	0	0
41465719	rs55708622	0.542572307053515	8.40528028184212e-26	0.422278475490979	4.8156900987967e-07	1.53900787325177e-30	0	0	0	0
41465812	rs62509817	3.8921119748172	5.34933729334531e-23	2.23874892569134	1.88287048932169e-06	3.82957466644141e-27	0	0	0	0
41466789	rs12708212	0.288699040083834	2.48588637083821e-26	0.484788695672198	3.91546027532143e-07	3.70078798805813e-31	1	0	0	0
41467827	rs919035	4.0128702323401	6.94127150689658e-23	2.23874892569134	1.88591720029278e-06	4.97727645870003e-27	1	0	0	0
41468809	rs11990028	0.305745887974722	2.53857753904385e-26	0.484788695672198	3.91583931170259e-07	3.77959621630579e-31	0	0	0	0
41468895	rs77682142	3.21417208000413	2.28925657330906e-23	0.122225650008602	4.6642370908688e-07	4.05980522779439e-28	0	0	0	0
41469042	rs11775059	3.85980632142137	4.94405195574902e-23	2.23874892569134	1.89655697132036e-06	3.56516003523446e-27	0	0	0	0
41469580	rs74547462	3.09914149529801	1.05138813619697e-23	0.223153591304701	4.241861849245e-07	1.69570266476525e-28	0	0	0	0
41470691	rs57066660	0.311847244408434	2.5179206403514e-26	0.484788695672198	3.91588705414134e-07	3.74888661387267e-31	0	0	0	0
41470884	rs2920127	2.30548254618884	1.19169036289264e-24	0.788612447063141	5.67005521920669e-07	2.56909891679669e-29	0	0	0	0
41471000	rs7843133	0.311847244408434	2.5179206403514e-26	0.485452247339714	3.91860449183709e-07	3.75148816127708e-31	0	0	0	0
41471166	rs34208279	3.98380264648756	6.57989416804865e-23	2.23874892569134	1.88591720029278e-06	4.71814887385216e-27	0	0	0	0
41471374	rs7843597	0.285754088982106	2.43839808435908e-26	0.484788695672198	3.91560180926206e-07	3.63022245949423e-31	0	0	0	0
41471533	rs7822392	2.25892722762668	9.73350593280998e-25	1.89143497626717	2.44940279351211e-06	9.06482902481505e-29	0	0	0	0
41471786	rs56974803	11.1148650339366	2.80527661814329e-16	2.96018944585165	7.83028079865764e-06	8.35185871010478e-20	0	0	0	0
41472202	rs76715302	2.3429441471429	3.22185663444263e-24	0.643400564275029	5.30244914738368e-07	6.49550369090388e-29	0	0	0	0
41472232	rs35205809	4.19729467292565	1.04339574765236e-22	2.2385232204553	1.87640656588478e-06	7.44399575422931e-27	0	0	0	0
41472375	rs11995712	7.46546624399488	1.13326579938859e-19	1.16577009714832	8.86592555538707e-07	3.82019888229474e-24	0	0	0	0
41472845	rs12677439	7.30050915472779	7.80845669327624e-20	1.16755495882589	8.87982582094204e-07	2.63632995002338e-24	0	0	0	0
41473417	rs55812128	0.303032359255977	2.49050211529562e-26	0.485053994691996	3.91697314258226e-07	3.70909211430701e-31	0	0	0	0
41474290	rs13248554	2.30486870229597	1.08915472478212e-24	1.88339225601175	2.42123038102379e-06	1.00266488357142e-28	0	0	0	0
41474614	rs10958695	2.23792191266536	9.31289778261591e-25	1.89109687233269	2.4482185043503e-06	8.66892254663358e-29	0	0	0	0
41475106	rs11784433	2.25892722762668	9.73350593280998e-25	1.88339225601175	2.42140396441225e-06	8.96121005313864e-29	0	0	0	0
41475652	rs147531906	0.602581457648652	1.47799120668545e-25	1.65541125742129	6.88459118927077e-07	3.86883419123986e-30	0	0	0	0
41475681	rs72638928	0.0928036897283983	3.31988121885075e-26	1.13804762507855	8.0641941243182e-07	1.01791995816002e-30	0	0	0	0
41475688	rs60344866	7.49866682135443	1.22158220772443e-19	1.18462151503408	9.0701226594673e-07	4.21275273537343e-24	0	0	0	0
41476003	rs6988044	4.01403492169513	7.02192997524249e-23	2.23874892569134	1.88743942726385e-06	5.03917716706213e-27	0	0	0	0
41476991	rs11786297	4.0291419430035	7.25472788672966e-23	2.23874892569134	1.88743942726385e-06	5.20624091224928e-27	0	0	0	0
41477684	rs34181101	4.04431224968649	7.49577118206812e-23	2.23874892569134	1.88896090149477e-06	5.38355804420306e-27	0	0	0	0
41478361	rs890220	16.6823544567788	8.50216501712918e-11	4.93479387194569	6.36849153413544e-05	2.05871493939543e-13	0	0	0	0
41478569	rs11545514	3.92190584959359	5.70687357825524e-23	2.23867367757854	1.8827492519008e-06	4.08527076376786e-27	0	0	0	0
41479293	rs36068895	3.92190584959359	5.70687357825524e-23	2.2385232204553	1.88250686472952e-06	4.08474482159932e-27	0	0	0	0
41479694	rs62509855	16.3356401254489	3.97185779925859e-11	4.56847541581255	4.11283347620015e-05	6.21104860161202e-14	0	0	0	0
41480098	rs73625150	0.511449283499556	8.06674728529072e-26	0.568153954301275	5.13233988376833e-07	1.57414223468107e-30	0	0	0	0
41480509	rs7010327	0.303032359255977	2.49050211529562e-26	0.387110230712515	3.55013508926269e-07	3.36172283673819e-31	0	0	0	0
41481036	rs890221	16.7527634504932	1.78144695098514e-10	5.41589502960055	0.000321393858153719	2.17691051789165e-12	0	0	0	0
41481037	rs890222	16.7527634504932	1.78144695098514e-10	5.41657449959349	0.000321709014681783	2.17904518083968e-12	0	0	0	0
41481096	rs749540	2.36815053784018	1.24474684358209e-24	1.66334017654558	1.77205423013551e-06	8.38664292279641e-29	0	0	0	0
41481224	rs749541	7.46546624399488	1.13326579938859e-19	1.174898588402	8.96405329107663e-07	3.86248070203951e-24	0	0	0	0
41482268	rs9559	3.11165198982195	1.0796302430228e-23	0.2003149090909	4.20568091099335e-07	1.72640017483307e-28	0	0	0	0
41482361	rs12675455	4.39491053811842	1.08206008752332e-22	1.0432074796295	7.5925274612713e-07	3.12368951521604e-27	0	0	0	0
41482734	rs7827170	2.36815053784018	1.24474684358209e-24	1.74448628718047	1.98710367430376e-06	9.40441250812514e-29	0	0	0	0
41483206	rs7815848	2.36815053784018	1.24474684358209e-24	1.67551176669234	1.80267739748281e-06	8.53157391042609e-29	0	0	0	0
41485041	rs6990606	2.45382763168306	1.49240212466665e-24	1.68319124794698	1.82226168215608e-06	1.03401469808005e-28	0	0	0	0
41485270	rs35233052	2.98422124361096	8.3091109404885e-24	0.223516744166318	4.24602025074523e-07	1.34142602883451e-28	0	0	0	0
41485424	rs7837929	11.3759242688543	4.92568450336117e-16	2.7503125721947	6.01350673793241e-06	1.1262232883267e-19	0	0	0	0
41485542	rs57776210	7.30050915472779	7.80845669327624e-20	1.18402399902801	9.06301838323848e-07	2.69071795811523e-24	0	0	0	0
41485817	rs142255960	1.8735438865682	1.24405177665748e-24	1.51088563062108	7.46834088536849e-07	3.53258563731169e-29	0	0	0	0
41485990	rs11776168	3.98380264648756	6.57989416804865e-23	2.40461401919086	2.18681633799383e-06	5.47093214952666e-27	0	0	0	0
41486144	rs112814279	7.70289634985074	1.42869560153405e-19	1.60712725459792	1.46844563941552e-06	7.97678142640618e-24	0	0	0	0
41486239	rs138434578	0.289882634888184	7.82766503300354e-26	0.324771746406936	4.81013048396124e-07	1.43159179533572e-30	0	0	0	0
41486388	rs62509858	4.05868737463934	7.66265074413155e-23	2.50003813440381	2.37115454334858e-06	6.90826521713092e-27	0	0	0	0
41486442	rs75673413	0.128719027142027	5.63164785347323e-26	0.410944468947656	4.846942274739e-07	1.03784727275102e-30	0	0	0	0
41486571	rs36097861	4.2893749849392	1.2849731897298e-22	2.54242085300424	2.47451471105291e-06	1.20896636072777e-26	0	0	0	0
41486835	rs13279996	4.04248848854552	7.3315780357414e-23	2.60467360693065	2.59454110608409e-06	7.23249475858337e-27	0	0	0	0
41487717	rs12544111	7.15211900255462	4.24598435268883e-20	1.84618513565547	1.94255602893451e-06	3.13604332352948e-24	0	0	0	0
41487794	rs2911965	0.0806080732261406	6.25400798201747e-26	0.0593341275241712	4.54070954145055e-07	1.07972277836971e-30	0	0	0	0
41487885	rs7010532	1.6779875614176	3.01595518344958e-25	1.10408045468998	8.25904868428496e-07	9.47076412141818e-30	0	0	0	0
41487913	rs12542573	3.91435271170314	3.85020809677541e-23	1.27254007914209	9.72082679778164e-07	1.42304134564198e-27	0	0	0	0
41488038	rs6986080	20.7851561519523	6.96229968893355e-07	8.76095090685981	0.0301445123316621	7.97978308597902e-07	0	0	0	0
41488092	rs34356122	7.09221255688938	3.72176399901323e-20	1.86806070478958	1.99502662116555e-06	2.82310893246379e-24	0	0	0	0
41488484	rs73674883	0.12965462891904	6.09300717761165e-26	0.864549300654486	5.76934475162663e-07	1.33655948246006e-30	0	0	0	0
41488715	rs34681066	2.19804776514572	1.25341622626675e-24	1.20280173016104	8.54022816167476e-07	4.07000456645468e-29	0	0	0	0
41489309	rs142189180	4.13006458935314	6.36899608522566e-23	1.27245874297144	9.71227593629308e-07	2.3519176159239e-27	0	0	0	0
41489349	rs2920121	8.56114134057944	1.19630823733939e-18	2.89008413697621	1.02138603416165e-05	4.6458279109057e-22	0	0	0	0
41489417	rs2977851	0.918652692195867	6.78674829909712e-26	0.648396927580871	4.70096453446201e-07	1.21305035114634e-30	0	0	0	0
41489610	rs57222538	0.139302725947961	6.13765239196346e-26	0.864231485432178	5.76861112830055e-07	1.3461816371366e-30	1	0	0	0
41489855	rs140702866	0.0772226580712021	6.49522046126258e-26	0.438898616350944	4.9562095758744e-07	1.22397816220602e-30	1	0	0	0
41490020	rs2920122	3.56944123047724	1.78092563005742e-23	1.5499049241284	1.46587803203861e-06	9.92598765910771e-28	1	0	0	0
41490062	rs73674898	0.132061349109215	6.10387268895734e-26	0.863913902615903	5.7678781989867e-07	1.33860258058159e-30	1	0	0	0
41490228	rs11988868	6.97305837204097	2.86472364276726e-20	1.86902330839438	2.00111131861213e-06	2.17963659623784e-24	1	0	0	0
41490261	rs2920123	3.23069653981092	9.12580516601519e-24	1.54637592640855	1.45724272816895e-06	5.05630426188573e-28	1	0	0	0
41490642	rs58391358	6.9434762759209	2.68430227911607e-20	1.87975520445363	2.02385796545013e-06	2.06557781704028e-24	1	0	0	0
41490779	rs34874892	3.00178426762904	7.84374357008861e-24	1.46903231842808	1.00393564481292e-06	2.99405222673746e-28	1	0	0	0
41490848	rs73674899	0.12965462891904	6.09300717761165e-26	0.86359655186601	5.76714596255617e-07	1.3360500983777e-30	1	0	0	0
41490949	rs2931629	0.973058372040971	7.49682359853723e-26	0.641684359917804	4.66353283313588e-07	1.32929827457143e-30	1	0	0	0
41491100	rs35476859	2.21445663004341	1.31006509393937e-24	1.21239785381766	8.62240436702923e-07	4.29488334029779e-29	0	0	0	0
41491140	rs2977850	3.7667499904589	2.74138127154236e-23	1.57251389090421	1.51360448595414e-06	1.57765470884865e-27	0	0	0	0
41491265	rs78662595	7.10997041383658	3.93216641934216e-20	1.87975520445363	2.02456016129129e-06	3.02686245928676e-24	0	0	0	0
41491441	rs2977849	9.05462990550969	3.66911352772709e-18	2.83564714421556	9.40590413464236e-06	1.31217514790576e-21	0	0	0	0
41491510	rs35118354	2.95821268102825	7.21716608442023e-24	1.40671393297954	9.50196778988642e-07	2.60741622617108e-28	0	0	0	0
41491511	rs2977848	7.21982675635741	5.65807400233684e-20	2.38038499425719	4.93021113739957e-06	1.06063084286059e-23	0	0	0	0
41491869	rs35143360	3.00178426762904	7.84374357008861e-24	1.40737917867802	9.5387518962275e-07	2.84475618559376e-28	0	0	0	0
41491899	rs34732005	2.24078556876576	1.38298897307277e-24	1.21339052735134	8.63046062888675e-07	4.5381913475144e-29	0	0	0	0
41491978	rs60263540	7.16915480769139	4.47966573794186e-20	1.87975520445363	2.02456016129129e-06	3.44831083080095e-24	0	0	0	0
41492189	rs2920124	1.00065193079328	7.89079188593123e-26	0.636764195516306	4.63728974085811e-07	1.39128124732208e-30	0	0	0	0
41492255	rs117384412	2.14315032127483	2.1554340834973e-24	1.5665502062384	7.68524664619059e-07	6.29829018741196e-29	0	0	0	0
41492259	rs2920125	9.05462990550969	3.66911352772709e-18	2.85917781989069	9.73638421418211e-06	1.35827892921614e-21	0	0	0	0
41492437	rs9801981	0.97798426018228	7.68527937676973e-26	0.586030028251939	4.40265473684944e-07	1.28648402822516e-30	0	0	0	0
41492584	rs148420586	2.14315032127483	2.1554340834973e-24	1.56735133998689	7.68791073495124e-07	6.30047348807517e-29	0	0	0	0
41492614	rs35915104	1.00065193079328	7.89079188593123e-26	0.635261444944601	4.62935228126423e-07	1.38889984799156e-30	0	0	0	0
41492664	rs60709084	0.110866444033276	6.01304447361205e-26	0.862962545210487	5.76568356384295e-07	1.31818185685099e-30	0	0	0	0
41492703	rs55957616	3.74184180665921	2.59558404999866e-23	1.55767704425443	1.48412982398531e-06	1.46466093904811e-27	0	0	0	0
41492935	rs60986466	7.16915480769139	4.47966573794186e-20	1.87975520445363	2.02456016129129e-06	3.44831083080095e-24	0	0	0	0
41493409	rs143209372	0.101658834272491	5.9776122591421e-26	0.862962545210487	5.76568356384295e-07	1.31041439355226e-30	0	0	0	0
41493635	rs4736996	9.01295971302073	3.33761742710081e-18	2.23612296850434	3.93809878652743e-06	4.99750538662774e-22	0	0	0	0
41493708	rs11988791	2.24078556876576	1.38298897307277e-24	1.0027447101799	7.1032128607293e-07	3.73511224142769e-29	0	0	0	0
41493830	rs4736997	9.05462990550969	3.66911352772709e-18	2.84801760454253	9.57886666033207e-06	1.33630436764692e-21	0	0	0	0
41493889	rs2354577	3.67881597269769	2.19719230442006e-23	1.62033196596635	1.63181795803122e-06	1.36323236353616e-27	0	0	0	0
41495206	rs6996696	3.70421305974839	2.32314260318799e-23	1.61154354729973	1.61246184731421e-06	1.42428016807713e-27	0	0	0	0
41495661	rs34342951	2.233735909348	1.03926795440267e-24	0.511026475273492	4.21555173497145e-07	1.66575862253169e-29	0	0	0	0
41495841	rs56288115	3.00318197812048	5.76866729466761e-24	1.13129679772146	8.3011127505629e-07	1.82071476893778e-28	0	0	0	0
41496007	rs2920126	3.7667499904589	2.74138127154236e-23	1.52447408496072	1.42037227548957e-06	1.48047725118336e-27	0	0	0	0
41496212	rs55816022	0.811071516239147	1.66443647088666e-25	0.861697301833718	5.71630053629106e-07	3.61753205154979e-30	0	0	0	0
41496244	rs4736818	3.79182747333288	2.89597559003272e-23	1.52447408496072	1.42047115463738e-06	1.56407446657989e-27	0	0	0	0
41496314	rs2977864	10.1286606189001	4.22715380949972e-17	2.82275216374438	9.25046963510361e-06	1.48676367809265e-20	0	0	0	0
41496536	rs11780890	19.9863203027088	1.40687446878719e-07	6.46281077375635	0.00045987314997354	2.45993432460859e-09	0	0	0	0
41496566	rs532825	0.260111344915457	2.95209080462141e-26	0.0218194830625861	3.11577688778625e-07	3.49724593349235e-31	0	0	0	0
41496577	rs11777395	20.0320310371213	1.55960636244726e-07	6.46293685721838	0.000460646576083593	2.73157391044013e-09	0	0	0	0
41497730	rs67065288	1.57073233356683	3.61424094631314e-25	1.20523320205918	8.52176775798055e-07	1.17105395844875e-29	0	0	0	0
41498629	rs36006376	1.55972078676441	3.53728541289844e-25	1.21176090261783	8.57480047744237e-07	1.15325205451612e-29	0	0	0	0
41499051	rs13268215	2.82044820883481	5.30182378234455e-24	1.40737917867802	9.55128799995233e-07	1.92538391725891e-28	0	0	0	0
41499086	rs57903049	7.28836146176765	5.82434123457854e-20	1.90101036059882	2.08041709319399e-06	4.6070967763546e-24	0	0	0	0
41499281	rs60202299	7.37851213541937	7.10272101164958e-20	1.91292879409346	2.11080653609277e-06	5.70037329696406e-24	0	0	0	0
41499437	rs55898405	1.54882784248746	3.46230034670718e-25	1.21098367320663	8.56861570530562e-07	1.12799068999339e-29	0	0	0	0
41499714	rs537519	0.177178354696895	2.7136201877472e-26	0.125518182300534	3.26657903945665e-07	3.37032935381379e-31	0	0	0	0
41500101	rs111543778	5.34891591075699	8.97782600400346e-22	2.38121997549379	4.64137694529929e-06	1.58433908171572e-25	0	0	0	0
41500141	rs13269863	2.45382763168306	1.49240212466665e-24	1.22264568691579	9.6567448292322e-07	5.47957309688928e-29	0	0	0	0
41500181	rs13269907	12.7396900542051	1.66978027208075e-14	4.29260016886675	8.08200697358091e-05	5.13107847594753e-17	0	0	0	0
41500354	rs76314823	7.34843126113421	6.64713186506567e-20	1.97963871735229	2.289733886572e-06	5.78694581813729e-24	0	0	0	0
41500861	rs59191643	12.8870600239159	2.33996152447695e-14	4.27294698864614	7.83610770059965e-05	6.97170854865406e-17	0	0	0	0
41500901	rs61030600	2.91901295308911	4.77322417366909e-24	1.5548630312867	1.32875237858307e-06	2.41149295079679e-28	0	0	0	0
41500910	rs62508162	2.88306035344924	6.10275160524904e-24	1.40737917867802	9.53560902903305e-07	2.2126067868011e-28	0	0	0	0
41501022	rs60847419	2.79588001734407	3.68637506188782e-24	1.55861911508349	1.33323953037153e-06	1.86869236751647e-28	0	0	0	0
41501438	rs1020251	5.75153628244897	2.20823142114738e-21	2.05100054597305	2.91809069778633e-06	2.45004173145238e-25	0	0	0	0
41501525	rs56131446	2.72676716595695	3.18983088088821e-24	1.5665502062384	1.34505036173824e-06	1.63130930773529e-28	0	0	0	0
41501562	rs13254454	2.8699880503281	5.93711790312497e-24	1.40737917867802	9.52931265569627e-07	2.1511334829118e-28	0	0	0	0
41501614	rs80255109	7.24116377525304	1.30424647509779e-19	0.602755418989614	5.21888453558151e-07	2.58801906029759e-24	0	0	0	0
41502169	rs79952690	6.97183558057553	7.25335216520418e-20	0.602755418989614	5.21854729263562e-07	1.43919120989239e-24	0	0	0	0
41503003	rs11996576	3.77211329538633	2.81320094614528e-23	2.41027374374576	4.68386369901989e-06	5.00996986674781e-27	0	0	0	0
41503293	rs2241895	3.14056146454494	7.31481468171732e-24	0.625801742070917	4.89710735505741e-07	1.36198731596726e-28	0	0	0	0
41503727	rs755162	7.43794517034362	1.00981922039919e-19	2.08714052483764	3.01562369961172e-06	1.15784624280066e-23	0	0	0	0
41503937	rs58895504	1.3449576586688	4.34771421273386e-25	0.76421912967244	5.53440293229092e-07	9.14875240057813e-30	0	0	0	0
41504317	rs184152075	0.395881993807965	9.92789875966953e-26	0.180192935409244	4.69874830289583e-07	1.77365697858821e-30	0	0	0	0
41504884	rs73674902	1.537751784645	6.26729204330948e-25	0.75300930075845	5.51522411076524e-07	1.31423554034239e-29	0	0	0	0
41505277	rs55794933	0.411952503013917	8.05507182795717e-26	0.744245213356956	5.52201779267745e-07	1.69120918820775e-30	0	0	0	0
41505849	rs116964396	8.61582586119297	2.79698510281948e-18	0.571217488503045	5.15742441657428e-07	5.48470325743407e-23	0	0	0	0
41506082	rs72638939	0.38795825535473	7.79367898056966e-26	0.744245213356956	5.52201779267745e-07	1.63632823932543e-30	0	0	0	0
41506090	rs76025734	1.45630436769075	5.36842127545558e-25	0.733768303310107	5.47457469983764e-07	1.11744738940001e-29	0	0	0	0
41506152	rs4736999	20.1668528880872	4.19565109136167e-07	7.2308443092856	0.00819955221774668	1.30803574315362e-07	0	0	0	0
41506162	rs72638940	0.408935392973501	8.06626218607181e-26	0.744245213356956	5.52066081690705e-07	1.69314249538037e-30	0	0	0	0
41506380	rs12549294	19.5772460586986	1.09398400097897e-07	7.34524606674707	0.00923755228935427	3.84235945383232e-08	0	0	0	0
41506770	rs76356889	9.11232644754555	7.71739192988644e-18	0.570086302236245	5.15083836163839e-07	1.51139711349819e-22	0	0	0	0
41507237	rs7825337	21.0065637695024	2.90694707798181e-06	7.18896149139578	0.00766388431513711	8.47063905454706e-07	0	0	0	0
41507350	rs7825494	20.7464197104378	1.59541174421615e-06	7.40175680834638	0.0106774508500797	6.47694897956925e-07	0	0	0	0
41507474	rs12550546	1.19382002601611	1.39527140783641e-25	1.42400437979673	1.17489922677267e-06	6.23288943513418e-30	0	0	0	0
41508168	rs6981607	19.6394065864347	1.26206849435243e-07	7.33142773081544	0.00902795847890701	4.33214105391983e-08	0	0	0	0
41508577	rs13262861	26.7466619946739	0.545703766995177	8.18137827362411	0.00506481779232107	0.105087458341498	0	0	0	0
41509083	rs117135799	8.98338445244282	5.78545995949118e-18	0.568475415812549	5.14733761212776e-07	1.13227171126785e-22	0	0	0	0
41509099	rs72638941	0.422278475490979	8.17360242565916e-26	0.744245213356956	5.52336596391789e-07	1.7165143522593e-30	0	0	0	0
41509180	rs77385495	1.95663772197887	1.21498545084033e-24	2.52826834851995	1.54527858290603e-06	7.13851659094056e-29	0	0	0	0
41509218	rs117956059	1.01741220929834	2.47896774173712e-25	0.744245213356956	5.46468568292951e-07	5.15069902467766e-30	0	0	0	0
41509259	rs12549902	21.4172550343087	7.5995348138244e-06	8.20280173016104	0.0354679769479716	1.02483402734984e-05	0	0	0	0
41509727	rs4737000	21.8639139026159	2.09882120718159e-05	8.1838250095712	0.0344184126823659	2.7466061724974e-05	0	0	0	0
41509867	rs117308321	8.96697855531709	5.58167120697616e-18	0.567190994966832	5.14467092799219e-07	1.09182230347175e-22	0	0	0	0
41509915	rs4736819	22.670602120639	0.000135008285684884	8.06408986356949	0.0303384801307759	0.000155734327989015	0	0	0	0
41510024	rs76421049	3.419531216049	1.95892961107537e-23	1.91186391129945	1.44884668109309e-06	1.07912405028967e-27	0	0	0	0
41510260	rs12550613	21.6643415477107	1.32514197094263e-05	8.00056495012367	0.0258581462938787	1.30283647266848e-05	0	0	0	0
41511410	rs72638943	0.370590400897281	7.57022746493231e-26	0.712646227285253	5.45302741075868e-07	1.56955565579124e-30	0	0	0	0
41511700	rs78203311	0.601018933341869	1.15958362749952e-25	0.903437561625864	5.8847291379064e-07	2.59452979928968e-30	0	0	0	0
41513071	rs72638944	0.327994554977048	7.16240582147735e-26	0.690795820329592	5.4049563957059e-07	1.47190991064424e-30	0	0	0	0
41513453	rs79227184	1.57316354619649	6.7194713239996e-25	0.724919101543141	5.45709601013995e-07	1.39420555866324e-29	0	0	0	0
41513531	rs17659386	22.4000078224159	7.23109447451551e-05	7.92481814538131	0.0234708652923234	6.45302350319909e-05	0	0	0	0
41513539	rs72638945	0.327994554977048	7.16240582147735e-26	0.683819901106547	5.38978768775234e-07	1.46777907776901e-30	0	0	0	0
41513796	rs72638947	0.348140730753051	7.39149744438181e-26	0.680061560019691	5.38129353858138e-07	1.51233925139985e-30	0	0	0	0
41513809	rs17659428	22.3326404538169	6.18984451625849e-05	7.92154318194671	0.0233512450131755	5.49566043950346e-05	0	0	0	0
41514297	rs2883631	1.78409818679597	4.45067138311097e-25	2.18728713323463	2.89567198508134e-06	4.90010068730905e-29	0	0	0	0
41514758	rs72638950	0.348140730753051	7.39149744438181e-26	0.665546248849069	5.34988159819605e-07	1.50351135341088e-30	0	0	0	0
41514888	rs12544241	22.0641402019621	3.33151491765464e-05	7.9079815292472	0.0228534636036431	2.89483558393137e-05	0	0	0	0
41515015	rs72638952	0.219466674683596	6.248187060392e-26	0.662141570958906	5.34560260777641e-07	1.26993298509289e-30	0	0	0	0
41515130	rs6990613	22.0641402019621	3.33151491765464e-05	7.83238732727247	0.0203115356510114	2.5728509772788e-05	0	0	0	0
41515531	rs716199	22.3326404538169	6.18984451625849e-05	7.83833258756226	0.0205125912151649	4.82758996315963e-05	0	0	0	0
41515817	rs112771403	1.50390100786743	5.83210358377094e-25	0.736127323134776	5.48577962213055e-07	1.21644841295705e-29	0	0	0	0
41515993	rs10504042	22.4000078224159	7.23109447451551e-05	7.75129126439908	0.0179089514512957	4.92384422958024e-05	0	0	0	0
41516485	rs4415368	6.70421305974839	1.87553547376863e-20	1.97633608180221	2.64323298393274e-06	1.88491095367657e-24	0	0	0	0
41516581	rs4317621	21.5320960534772	9.7644995327561e-06	7.08507535179485	0.00632500364646924	2.34823133799902e-06	0	0	0	0
41516790	rs492083	0.602059991327962	4.64853236769104e-26	0.340273904762208	3.74227142626771e-07	6.61425985799275e-31	0	0	0	0
41516915	rs6981587	2.10507502264046	8.2702812003463e-25	1.44249279809434	1.24975917492489e-06	3.92985675556279e-29	0	0	0	0
41516991	rs484328	0.485717952139622	3.87050350240002e-26	0.313631896526964	3.66321183774029e-07	5.39087931095434e-31	0	0	0	0
41517064	rs16890723	8.80743254666345	3.90713327270858e-18	0.48372911727066	4.97777352915128e-07	7.39474954888872e-23	0	0	0	0
41517860	rs565491	0.0249360039047639	2.22926709992773e-26	0.0431595098407665	3.01801200070597e-07	2.55807444632854e-31	0	0	0	0
41518872	rs3736217	2.28709787495278	1.21765219040821e-24	1.33733659042596	1.06068983524319e-06	4.9106815493935e-29	0	0	0	0
41519248	rs516946	25.3318005158013	0.072111037901329	9.17198493577602	0.0482777715241707	0.132366800640846	0	0	0	0
41519462	rs515071	25.5775743236288	0.127177916565242	9.16203298163134	0.0477828030560223	0.231053972319154	0	0	0	0
41519944	rs6983305	2.27059220303693	1.17721010673254e-24	1.3624102141613	1.09035858368051e-06	4.88037775835584e-29	0	0	0	0
41521469	rs474059	10.9792245118064	2.89842550379636e-16	2.96697855531709	1.16770313643602e-05	1.28684043726418e-19	0	0	0	0
41521663	rs563118	11.2618539112879	5.52621388111223e-16	2.9434762759209	1.12737775610108e-05	2.36879382052566e-19	0	0	0	0
41521762	rs117183306	1.45680141436235	3.26966106498727e-25	1.24526953097625	8.58958091987905e-07	1.06783664760885e-29	0	0	0	0
41521942	rs55765355	2.22163165664413	1.06471420157654e-24	1.33903970822392	1.06205266871874e-06	4.29941346084853e-29	0	0	0	0
41522860	rs150848796	0.393296258666326	9.63352625672898e-26	0.160207815554671	4.66860107351038e-07	1.7100238253271e-30	0	0	0	0
41522991	rs508419	24.9048306485682	0.0269000227532504	9.25251050774133	0.056407519076266	0.0576925528622667	0	0	0	0
41523163	rs28411393	2.32020882901964	1.30333254494855e-24	1.31461659019851	1.03259178815397e-06	5.11698350835321e-29	0	0	0	0
41523358	rs9694034	24.9048306485682	0.0269000227532504	9.25251050774133	0.056200650164823	0.0574809712184641	0	0	1	0
41523745	rs6989203	24.9653715433747	0.0309527893141746	9.25251050774133	0.0562695745519566	0.066222189164592	1	0	0	0
41524287	rs475831	2.40395299245456	1.54886515538932e-24	1.23336411368973	9.42951006088549e-07	5.55306616587893e-29	0	0	0	0
41524425	rs28591316	24.9653715433747	0.0309527893141746	9.25251050774133	0.0563385308706817	0.0663033420508377	0	0	0	0
41524505	rs28602970	24.9048306485682	0.0269000227532504	9.25251050774133	0.0563385308706817	0.0576219930191334	0	0	0	0
41524688	rs35273426	24.8440569820282	0.0233820509528044	9.23254728190223	0.0547028322881034	0.0486320442839226	0	0	0	0
41524808	rs580901	2.32020882901964	1.30333254494855e-24	1.2800061736324	9.94476712979517e-07	4.92810517973894e-29	0	0	0	0
41524899	rs10109812	25.0263642265826	0.0356224704903575	9.25251050774133	0.0563385308706817	0.0763061713645443	0	0	0	0
41525356	rs75119929	2.303556236861	1.25967063976481e-24	1.26816957971184	9.79379460649156e-07	4.69070487396039e-29	0	0	0	0
41525387	rs2439826	10.9792245118064	2.89842550379636e-16	3.03948165721929	1.30135517169357e-05	1.43412859478082e-19	0	0	0	0
41525500	rs573939	2.33677036546713	1.34870806114659e-24	1.26512019720737	9.7769679099298e-07	5.0136296882605e-29	0	0	0	0
41525588	rs541194	0.0249360039047639	2.22926709992773e-26	0.0991960651896305	3.08173004388661e-07	2.61208201753511e-31	0	0	0	0
41525914	rs750625	24.7228493860362	0.01767558561575	9.25251050774133	0.056200650164823	0.0377698501361176	0	0	0	0
41526229	rs10481313	2.23792191266536	1.10080115933869e-24	1.26312563835158	9.73780322077273e-07	4.07567910448632e-29	0	0	0	0
41526527	rs570675	10.8857227034384	2.34200413336826e-16	3.02942069428515	1.28194699539388e-05	1.14153133244959e-19	0	0	0	0
41526575	rs78722018	0.0847057169773136	7.84275965924883e-26	0.302770657240282	4.86500324899519e-07	1.45071516617654e-30	0	0	0	0
41526785	rs74816732	2.27059220303693	1.17721010673254e-24	1.19551981089401	9.0210785663553e-07	4.0377791169406e-29	0	0	0	0
41528004	rs17659744	3.85480359388582	5.0697093239605e-23	1.84103473961659	1.34206666924387e-06	2.58694538688091e-27	0	0	0	0
41528178	rs3802315	24.8440569820282	0.0233820509528044	9.12360893818081	0.0472882336878672	0.042040299900833	0	0	0	0
41528228	rs3802316	24.5415132362018	0.0116329234691291	9.12360893818081	0.0472315510169623	0.0208906132379214	0	0	0	0
41529789	rs80105613	10.0417228744523	6.22989989216521e-17	0.399571674267869	4.82957729318242e-07	1.1439849194116e-21	0	0	0	0
41531003	rs539999	10.3341376997968	6.65331467895854e-17	2.84649001069916	9.77618149249059e-06	2.47307581572208e-20	0	0	0	0
41531239	rs541892	10.4250432242355	8.1859758431883e-17	2.84649001069916	9.77491965043546e-06	3.04238215644458e-20	0	0	0	0
41531478	rs12543292	2.14116214857141	9.03277296887483e-25	1.26280735729526	9.75175473495976e-07	3.34914518830688e-29	0	0	0	0
41531616	rs12543328	2.10935546370475	8.46657336713039e-25	1.26280735729526	9.7523262964759e-07	3.13939534588518e-29	0	0	0	0
41532580	rs78673930	0.299036821840451	7.60605252967557e-26	0.236871623200863	4.68919104348665e-07	1.35608639099066e-30	0	0	0	0
41532647	rs486499	1.35536449623185	1.87174998507709e-25	1.02733440773389	7.51335830477793e-07	5.34702296212463e-30	0	0	0	0
41532834	rs139183594	0.31695296176115	7.81456555916792e-26	0.236871623200863	4.68919104348665e-07	1.39326226908716e-30	0	0	0	0
41533397	rs519619	1.26336450231318	1.5637598295526e-25	0.935542010773081	6.77175605797991e-07	4.02625676857523e-30	0	0	0	0
41533514	rs13266210	23.0311436253853	0.000105855723998685	8.02149993068854	0.00725904500312353	2.92162146150393e-05	0	0	0	0
41533847	rs518629	1.31551370781127	1.73119937036761e-25	0.935542010773081	6.7717962440768e-07	4.45739455319174e-30	0	0	0	0
41534068	rs11995075	22.8651856296795	7.28823223003924e-05	7.99913227846877	0.00704102515957817	1.9511389961349e-05	0	0	0	0
41534457	rs524127	10.5164127030311	1.00815320403614e-16	2.91721462968355	1.08562471923856e-05	4.16137035072541e-20	0	0	0	0
41534485	rs545936	1.15403423845452	1.26263461705539e-25	1.29834568267425	1.02220593441017e-06	4.90734058334513e-30	0	0	0	0
41535102	rs482897	0.0125571950641987	3.34262655497367e-25	0.305307073668516	5.08530233958375e-07	6.46300880833462e-30	0	0	0	0
41535403	rs554340	1.28929043427566	1.64479693292316e-25	0.923359556329658	6.68007428248178e-07	4.1775695573631e-30	0	0	0	0
41535440	rs1685323	10.5622494371796	1.11921482307217e-16	2.91399629438162	1.08045108853466e-05	4.59778517001745e-20	0	0	0	0
41535648	rs118063548	0.0847057169773136	7.84275965924883e-26	0.305307073668516	4.8662187257437e-07	1.45107761414685e-30	0	0	0	0
41535886	rs56306962	1.17829000270162	1.32106815760161e-25	1.29920977862565	1.0227633084201e-06	5.1372473214164e-30	0	0	0	0
41537910	rs112601576	6.13918303613546	5.71519639953996e-21	1.13053358991913	8.50689486134221e-07	1.84855482246727e-25	0	0	0	0
41538286	rs2355254	0.94692155651658	8.64261005072469e-26	1.13637977972968	8.4884061767163e-07	2.78933824427169e-30	0	0	0	0
41538871	rs12544752	1.62911698322239	3.14840690211894e-25	1.62948691040141	1.56951495836854e-06	1.87882541080757e-29	0	0	0	0
41538922	rs79580625	7.13768969004573	1.01143279224423e-19	0.305307073668516	4.71567698586776e-07	1.81347339932455e-24	0	0	0	0
41540387	rs11986485	0.476383580945629	3.66668762413165e-26	0.900664722314042	6.47881075748393e-07	9.03232004574511e-31	0	0	0	0
41540622	rs72638977	1.51598503733244	5.78434581953391e-25	0.0511959540671888	4.48723251587017e-07	9.86876787456003e-30	0	0	0	0
41540810	rs117271404	9.84832376915295	4.02070914940344e-17	0.389020620077003	4.80794811564721e-07	7.35008803686397e-22	0	0	0	0
41540884	rs4737004	2.17334220812413	9.02899152707633e-25	0.184289460211037	3.14194109811732e-07	1.07861733289035e-29	0	0	0	0
41541049	rs7844297	6.48122293107322	1.08704037655409e-20	2.30644891440409	4.3980735836486e-06	1.81776726078054e-24	0	0	0	0
41541741	rs572033	9.50528897479474	1.85637709841774e-17	0.380072289708532	4.78976837813375e-07	3.38073262630187e-22	0	0	0	0
41541978	rs111899611	0.398157210217902	1.10523403257118e-25	0.0341400631929283	4.73824934295752e-07	1.99114217211451e-30	0	0	0	0
41542093	rs34265667	1.6345120151091	7.2735105328296e-25	0.0504636266238574	4.48695868680633e-07	1.24086990957106e-29	0	0	0	0
41542543	rs72638980	6.40749015209932	9.34721118426436e-21	2.23328979273774	3.95823563772644e-06	1.40673991365878e-24	0	0	0	0
41543675	rs34664882	1.58452583189076	6.58663467139202e-25	0.0504636266238574	4.48695868680633e-07	1.12368803649595e-29	0	0	0	0
41543942	rs118172314	0.111146833017064	7.58449942909142e-26	0.110362199593332	4.72134644628566e-07	1.36151648140021e-30	0	0	0	0
41544330	rs72638982	1.73142202811716	6.82433072655229e-25	0.143271109617117	4.24698916256042e-07	1.10197395197591e-29	0	0	0	0
41545076	rs11780566	2.38944629468291	1.30203710031826e-24	1.37427609047424	1.1855313046795e-06	5.86903224901286e-29	0	0	0	0
41545513	rs80306626	0.117418546445549	7.68059590712219e-26	0.0254883072626717	4.70053045653007e-07	1.37268819212962e-30	0	0	0	0
41545516	rs72638983	1.51598503733244	5.78434581953391e-25	0.0504148486733481	4.48843943009008e-07	9.87142224030515e-30	0	0	0	0
41546484	rs555225	9.42273804641418	1.54359472236553e-17	0.255941834121165	4.6017952526109e-07	2.70078919282074e-22	0	0	0	0
41546512	rs80008824	1.54015535761179	6.06703763685012e-25	0.0504636266238574	4.48845751440535e-07	1.03538988561402e-29	0	0	0	0
41546734	rs144779892	1.41375036113396	3.85425666538354e-25	0.0935572061829676	4.23266250353365e-07	6.20275151324931e-30	0	0	0	0
41547133	rs112502032	0.228192121000894	8.4979203565556e-26	0.111483538925055	4.72526091964704e-07	1.52675222396016e-30	0	0	0	0
41547386	rs7831590	2.10946720807225	1.42585362818067e-24	0.230032198670558	4.33947798580161e-07	2.3525699478301e-29	0	0	0	0
41547574	rs7831871	2.13159069668504	1.50318448236357e-24	0.168578182934978	4.25075480670468e-07	2.4294527042088e-29	0	0	0	0
41547660	rs2278621	1.56944123047724	2.79236125106044e-25	1.98547946124208	2.47353574316926e-06	2.62615226837378e-29	0	0	0	0
41547683	rs7835812	2.13828641242857	1.51261975823071e-24	0.168386144690901	4.25050394248817e-07	2.44455775687752e-29	0	0	0	0
41547748	rs7816734	2.14794719130215	1.54286817182167e-24	0.168258166354362	4.24931421702037e-07	2.49274455728772e-29	0	0	0	0
41548207	rs6987255	2.16729952903943	1.60545481335151e-24	0.15939212099071	4.23897478978812e-07	2.58755166884992e-29	0	0	0	0
41548209	rs6987261	2.15757799664235	1.5738074343659e-24	0.159329438666591	4.23889596616352e-07	2.53649762977742e-29	0	0	0	0
41548312	rs6987404	1.92263209471584	9.73864949291474e-25	0.157328366239212	4.23329341404912e-07	1.56749879836051e-29	0	0	0	0
41548435	rs55924225	1.88605664769316	9.18310078370268e-25	0.128777443240293	4.21912216245313e-07	1.47313165349056e-29	0	0	0	0
41548529	rs13268584	0.314706218613216	9.00594345971194e-26	0.892450870255314	5.66892509125858e-07	1.94115423945565e-30	0	0	0	0
41548588	rs55769849	2.16729952903943	1.60545481335151e-24	0.151010793748833	4.2182765196703e-07	2.57491704702704e-29	0	0	0	0
41548595	rs55832342	2.11255149975005	1.4455860069526e-24	0.150703459165274	4.22825434037572e-07	2.32399478620168e-29	0	0	0	0
41548911	rs66593272	1.84405698202816	1.06461149386976e-24	0.0504636266238574	4.4457182911605e-07	1.79954702774845e-29	0	0	0	0
41549194	rs6474359	1.61672334959235	6.71295758601077e-25	0.0373465951067887	4.43681530363202e-07	1.13244042430267e-29	0	0	0	0
41549491	rs72638986	1.50390100786743	5.64900452083846e-25	0.00283212855416602	4.47864153010956e-07	9.61940778363647e-30	0	0	0	0
41551720	rs1530328	0.47977856411804	1.3462329165342e-25	0.0486624812040823	4.78764632818136e-07	2.45059970229995e-30	0	0	0	0
41552046	rs148766658	10.1014942144656	7.08177211937724e-17	0.362010219215315	4.76407483150789e-07	1.28277542899307e-21	0	0	0	0
41553233	rs72638988	8.49120103459609	1.64361094201114e-18	0.00731396083787211	4.20471821030053e-07	2.62764100171733e-23	0	0	0	0
41553346	rs577211	1.83475567387469	4.47061615271848e-25	1.68824613894425	1.75721522628258e-06	2.98691216099353e-29	0	0	0	0
41553835	rs2304883	6.07001940948448	4.44469755385719e-21	2.83983170704149	9.10633744932303e-06	1.53892007210791e-24	0	0	0	0
41553928	rs504574	0.227165072760982	2.3533104915856e-26	0.175223537524454	2.97513785624641e-07	2.66205139171078e-31	0	0	0	0
41554748	rs475842	1.10105553313349	2.85050644479825e-25	0.209996479609511	4.64599798045749e-07	5.03536728923806e-30	0	0	0	0
41554910	rs474051	1.0588862729629	2.6363761472496e-25	0.209996479609511	4.64599798045749e-07	4.65711005081688e-30	0	0	0	0
41554981	rs801100	6.72932116385529	1.90035431091406e-20	2.63789468070623	7.0386515637205e-06	5.08574004305534e-24	0	0	0	0
41555077	rs2241897	5.68151927482548	1.86120690473222e-21	2.89688074645429	1.00485296211983e-05	7.11094439220619e-25	0	0	0	0
41555366	rs559651	11.1348960253589	4.31842594855697e-16	3.30732930084363	1.79803612160061e-05	2.95225590145306e-19	0	0	0	0
41555373	rs559000	10.7875460389597	1.98159639089909e-16	3.24427755509654	1.63815581695098e-05	1.23424256936652e-19	0	0	0	0
41555473	rs2241896	10.3289197672611	7.06130104867572e-17	3.17947015147648	1.53060487581627e-05	4.1093953982124e-20	0	0	0	0
41555736	rs55935493	8.25515960321462	1.22274749655441e-18	0.170374646641951	4.58636436414633e-07	2.13223686144428e-23	0	0	0	0
41555740	rs492008	2.09963287134353	7.7395514628423e-25	0.354184881703358	3.5921863578449e-07	1.05707246892154e-29	0	0	0	0
41555804	rs6474360	8.0467236633327	5.56161351713628e-19	0.0336235769110771	4.10004654350769e-07	8.67001209166442e-24	0	0	0	0
41555954	rs490157	1.91257354296371	5.17519460308764e-25	0.43486084803021	3.8721990611642e-07	7.61928942519315e-30	0	0	0	0
41556609	rs113898012	1.48043449911949	2.15048875809325e-25	0.196269829025456	3.18809712084907e-07	2.60674668571132e-30	0	0	0	0
41556842	rs57017888	8.45555986268231	1.90114145784857e-18	0.171791385532055	4.58495974111612e-07	3.31421035226977e-23	0	0	0	0
41557518	rs73619317	1.49607319580649	2.21853926607712e-25	0.194091544925803	3.18382628210415e-07	2.6856325600649e-30	0	0	0	0
41558269	rs28537406	6.1019882612025	4.70601684537114e-21	0.225191169689294	3.1575509744859e-07	5.64981149870926e-26	0	0	0	0
41558686	rs73675109	8.73353310455976	3.54925758071082e-18	0.173471693659349	4.59328803249728e-07	6.19856712598898e-23	0	0	0	0
41558898	rs2304881	6.03517488211661	4.0506098537132e-21	0.187420844590953	3.07664433416374e-07	4.73835744347141e-26	0	0	0	0
41559256	rs186697432	0.462810773756355	1.29947144833186e-25	0.217312431765034	4.85229368406723e-07	2.39741893268041e-30	0	0	0	0
41559609	rs2304880	1.02241356199615	9.23933997905955e-26	0.134481480925226	3.1310753321344e-07	1.0999288039778e-30	0	0	0	0
41561181	rs58635565	4.70202075584064	2.12721441857938e-22	0.185952279004401	3.11604789767766e-07	2.52026090823396e-27	0	0	0	0
41561383	rs11778833	0.34084471905937	2.98634637668459e-26	1.64743161382069	1.64803892212413e-06	1.87127559421435e-30	0	0	0	0
41562081	rs72638993	1.42969061456412	5.01828418207068e-25	0.20844969497267	4.62762374565599e-07	8.82964824958645e-30	0	0	0	0
41563359	rs2304879	8.63096977819085	2.8234776076304e-18	0.175353585281648	4.59367864564551e-07	4.93145493394795e-23	0	0	0	0
41563685	rs1137177	1.05660442349105	9.71462574650261e-26	0.134481480925226	3.1317525794878e-07	1.15676097421399e-30	0	0	0	0
41564427	rs142670567	1.06018133717862	9.9171928248509e-26	0.134777543709821	3.13198796208213e-07	1.1809702355281e-30	0	0	0	0
41564531	rs7842694	1.44769689066165	2.04380158752791e-25	0.0914613678280406	3.02005534883064e-07	2.34684142177388e-30	0	0	0	0
41564663	rs76699031	1.06018133717862	9.9171928248509e-26	0.134836780493914	3.131854602137e-07	1.18091994985404e-30	0	0	0	0
41565342	rs56702141	1.06238182060618	9.54557275170886e-26	0.0250740139102376	2.98535475022067e-07	1.08349783573778e-30	0	0	0	0
41565582	rs72612139	0.263046046216854	2.78757544035819e-26	1.16787445746599	8.88923622744305e-07	9.4215246226223e-31	0	0	0	0
41566438	rs2304877	6.13745123047521	8.69638753764325e-21	0.458670422333306	4.83436317759986e-07	1.59848390844526e-25	0	0	0	0
41566919	rs78197637	1.08576265223226	1.04065226706384e-25	0.135666944966607	3.13360412140917e-07	1.23988062852872e-30	0	0	0	0
41568150	rs73675110	6.20100426555612	1.00046417655982e-20	0.46864883541694	4.85784418709477e-07	1.84788624964276e-25	0	0	0	0
41568158	rs67814672	0.211407444079641	2.59923496767749e-26	1.27744833799904	1.01873897594208e-06	1.00678925875251e-30	0	0	0	0
41569739	rs118190414	1.06018133717862	9.9171928248509e-26	0.136617651559212	3.13554993146799e-07	1.1823133376969e-30	0	0	0	0
41569975	rs78040661	2.40793432956775	2.87804639261281e-24	2.84924356013969	2.22894757982664e-06	2.43908960625984e-28	0	0	0	0
41570689	rs72638994	1.45259454033251	5.24771813519539e-25	0.209644453585614	4.62886615222633e-07	9.23581517962528e-30	0	0	0	0
41571233	rs10958696	2.45779721756597	1.5745031699696e-24	1.51584257563462	1.42038151071256e-06	8.50312689248733e-29	0	0	0	0
41571391	rs55890012	1.38997897533585	4.64577020711601e-25	0.209714835966758	4.62893947931144e-07	8.17653570620419e-30	0	0	0	0
41571433	rs558889	6.50584540598156	1.18330690582969e-20	1.79263496253093	2.07663270239026e-06	9.34301827585756e-25	0	0	0	0
41571692	rs61753679	0.426896216836009	8.36418204492395e-26	0.548060130634897	5.10858386553031e-07	1.62462867510954e-30	0	0	0	0
41571802	rs16890776	7.3707943428977	1.22940591964968e-19	1.11684980031672	7.22839130285299e-07	3.37883562851951e-24	0	0	0	0
41571826	rs17660898	1.072937756507	1.01579334297103e-25	0.131003097512865	3.12729530900846e-07	1.20782597774665e-30	0	0	0	0
41571963	rs74771278	1.08576265223226	1.04065226706384e-25	0.131061821667089	3.1273849653716e-07	1.23741988020251e-30	0	0	0	0
41573488	rs473235	0.275478372881437	2.90466028504645e-26	0.0530567293021746	3.16130508339766e-07	3.49133777034937e-31	0	0	0	0
41573682	rs11994013	3.95821268102825	3.93648120853798e-23	0.677573947594047	4.88323632395654e-07	7.30879928535113e-28	0	0	0	0
41575420	rs2304876	0.190979279516327	2.47706566553338e-26	0.641494088509765	4.8264993019598e-07	4.54569065591594e-31	0	0	0	0
41575439	rs2304875	1.70114692359029	3.25796966843863e-25	1.31668273807812	1.08856470823008e-06	1.34843928702833e-29	0	0	0	0
41576406	rs190588873	0.488785298863612	1.76419942182838e-25	0.196884445109973	4.94441884345516e-07	3.31659955907333e-30	0	0	0	0
41576425	rs80120156	0.37509939779551	2.95292523392344e-26	0.214385475053176	3.30178527086909e-07	3.70707512530256e-31	0	0	0	0
41576528	rs17603128	1.68402965454308	3.14646714750433e-25	1.2893749849392	1.05007846189031e-06	1.25624707264928e-29	0	0	0	0
41576746	rs12549656	0.164372833790102	2.41695220558571e-26	0.612254340391136	4.67998298271547e-07	4.30073265747753e-31	0	0	0	0
41576856	rs12550218	0.170953663146817	2.43111980188397e-26	0.605023280445436	4.64493604360958e-07	4.29354688458633e-31	0	0	0	0
41576943	rs74419569	0.633950790199765	1.19777348303309e-25	0.125634164269951	4.5693231550287e-07	2.08092619987062e-30	0	0	0	0
41577014	rs7841341	3.85016530328422	3.10466192633504e-23	0.706637445288554	5.0497585040186e-07	5.9609439108893e-28	0	0	0	0
41577121	rs7823698	7.93107238831793	3.44904457609815e-19	1.23173198354845	8.50275562156237e-07	1.11503529553726e-23	0	0	0	0
41577495	rs78660118	7.13679614097137	7.25647913980241e-20	1.55253186905024	9.91305788904901e-07	2.73504013573312e-24	0	0	0	0
41577523	rs17661031	7.09963287134353	6.68347943614687e-20	1.55253186905024	9.91305788904901e-07	2.5190707713805e-24	0	0	0	0
41577732	rs10093932	4.46369412764897	1.2004991141116e-22	1.0558629268419	7.76157802031603e-07	3.5427620323278e-27	0	0	0	0
41577750	rs76507739	1.06368736633781	1.01203006319941e-25	0.146545158631933	3.18947692561725e-07	1.22727811173239e-30	0	0	0	0
41578028	rs17661137	7.06258241852286	6.15717702655929e-20	1.45038376048091	9.19861088253258e-07	2.15344606272732e-24	0	0	0	0
41578364	rs75288353	7.02567256457638	5.6736563009823e-20	1.55924829952081	9.96219272605542e-07	2.14905768583312e-24	0	0	0	0
41578748	rs13267429	8.77108659400531	1.87516077302108e-18	1.77159964129699	1.56809066069164e-06	1.11799481119547e-22	0	0	0	0
41578925	rs80078338	7.00722563574464	5.44680841623586e-20	1.55956323389423	9.96976773108582e-07	2.0647013928384e-24	0	0	0	0
41578928	rs7816486	9.12067469921519	4.02040353218673e-18	1.84527179255984	1.70422047000551e-06	2.60510680722249e-22	0	0	0	0
41579253	rs78519830	7.00722563574464	5.44680841623586e-20	1.55956323389423	9.96976773108582e-07	2.0647013928384e-24	0	0	0	0
41579398	rs17661149	7.00722563574464	5.44680841623586e-20	1.55956323389423	9.96976773108582e-07	2.0647013928384e-24	0	0	0	0
41579491	rs56299882	1.37314658533327	4.49664214582354e-25	0.204119982655925	4.62315859557715e-07	7.90418741241531e-30	0	0	0	0
41580146	rs117824825	6.97061622231479	5.02084739836408e-20	1.55956323389423	9.96976773108582e-07	1.90323393525843e-24	0	0	0	0
41580155	rs117222184	6.97061622231479	5.02084739836408e-20	1.55956323389423	9.96976773108582e-07	1.90323393525843e-24	0	0	0	0
41580395	rs72638997	1.38997897533585	4.64577020711601e-25	0.210913084911971	4.63146996000405e-07	8.1810055347317e-30	0	0	0	0
41580607	rs7826127	2.39394125058969	1.35523378981207e-24	1.63883900480497	1.68099712745151e-06	8.66186285121267e-29	0	0	0	0
41580636	rs17661203	6.97061622231479	5.02084739836408e-20	1.55956323389423	9.96976773108582e-07	1.90323393525843e-24	0	0	0	0
41580906	rs2304874	1.12731939284807	1.14152441616453e-25	0.148130399270234	3.19361949294668e-07	1.38611251872357e-30	0	0	0	0
41581287	rs2099861	6.16921892439364	5.47248912655701e-21	1.0741209106985	7.95302319483273e-07	1.65480668538698e-25	0	0	0	0
41581599	rs117622194	0.869023308394383	1.30776195924613e-25	0.278436681642519	4.41334304385718e-07	2.19445407558923e-30	0	0	0	0
41581718	rs17603470	7.00722563574464	5.44680841623586e-20	1.61421504115666	1.0380594789144e-06	2.14978213111314e-24	0	0	0	0
41583202	rs17661275	6.13703424102224	8.55804050611865e-21	1.32845691473743	8.06530551691114e-07	2.62437124973404e-25	0	0	0	0
41583215	rs80058016	7.00722563574464	5.44680841623586e-20	1.66354026615147	1.07676732835457e-06	2.22994463119195e-24	0	0	0	0
41583294	rs2304873	8.88505558428741	2.41486091802822e-18	1.75572287919816	1.54329326069344e-06	1.41700274983086e-22	0	0	0	0
41583441	rs6982971	6.97061622231479	5.02084739836408e-20	1.67039875164348	1.08227549489638e-06	2.06606964650026e-24	0	0	0	0
41583714	rs6987189	6.9888526392242	5.22933863130241e-20	1.67716072731368	1.0877367641401e-06	2.16272192844104e-24	0	0	0	0
41585384	rs2304872	1.76700388960785	3.89198971880753e-25	0.120617362825657	3.08221578689212e-07	4.56105002199607e-30	0	0	0	0
41585438	rs2304871	0.0677292241005096	2.26129527524994e-26	0.95506845385084	6.89889384014134e-07	5.93153159124677e-31	0	0	0	0
41585571	rs1872877	6.16921892439364	5.47248912655701e-21	1.12349349573412	8.47323556866607e-07	1.76304865739578e-25	0	0	0	0
41585577	rs2304870	1.12731939284807	1.14152441616453e-25	0.143331516388465	3.18545283092314e-07	1.3825679785891e-30	0	0	0	0
41585579	rs80118742	6.97061622231479	5.02084739836408e-20	1.71152719940022	1.11596837996689e-06	2.13038954238209e-24	0	0	0	0
41586356	rs11989909	1.63041310926366	2.69748927305697e-25	0.427593132441944	3.69905294749176e-07	3.79385199665166e-30	0	0	0	0
41586750	rs7003385	6.30478108109485	7.4206657358318e-21	0.348043930466926	3.50250275416442e-07	9.88215053120633e-26	0	0	0	0
41586773	rs6999302	6.30478108109485	7.4206657358318e-21	0.348237552619889	3.50310740778572e-07	9.88385653360646e-26	0	0	0	0
41586822	rs7016707	6.54576510425173	1.50640634852549e-20	0.738737131207507	5.63904327032797e-07	3.22981520512134e-25	0	0	0	0
41587428	rs10101635	1.4182778400509	4.90820056550401e-25	0.21084250808856	4.63139632590249e-07	8.64299692136522e-30	0	0	0	0
41587726	rs10111617	5.34428545038129	8.50211263713187e-22	1.01381070026318	7.3622214975044e-07	2.37993909948208e-26	0	0	0	0
41588186	rs2279437	6.16921892439364	5.47248912655701e-21	1.15595795795898	8.83660819092553e-07	1.83865656521532e-25	0	0	0	0
41588267	rs2279436	1.0349394793888	9.45815768847591e-26	0.134185619832032	3.17090567320781e-07	1.14030225660604e-30	0	0	0	0
41588398	rs10095222	1.40131890109284	4.74860688853962e-25	0.210913084911971	4.63146996000405e-07	8.36209659657783e-30	0	0	0	0
41588675	rs75118776	6.08889568219596	7.69668556041205e-21	1.80994858224079	1.10989695857052e-06	3.24800370509454e-25	0	0	0	0
41588864	rs117514137	0.461175011062096	8.59374663711429e-26	0.167363372403297	4.50692693688609e-07	1.47262840641798e-30	0	0	0	0
41589468	rs79454302	0.71556926615548	1.12650595514687e-25	0.25617677839625	4.52724760105782e-07	1.93908947706588e-30	0	0	0	0
41590087	rs147324860	0.400662867007511	8.15136434326848e-26	0.0372046301427668	4.43387426091241e-07	1.37418052251814e-30	0	0	0	0
41590273	rs139373564	7.47781668238131	2.55655781752113e-19	0.614572485194869	5.22332596754254e-07	5.07730039149353e-24	0	0	0	0
41590547	rs117823762	1.06368736633781	1.01203006319941e-25	0.126446906486381	3.15865616063526e-07	1.21541859647913e-30	0	0	0	0
41591274	rs17661532	1.0349394793888	9.45815768847591e-26	0.119872677783375	3.14959602785285e-07	1.13263900856587e-30	0	0	0	0
41591534	rs61753680	1.11815903167507	3.48375808847929e-25	0.357436562895612	4.9159463764359e-07	6.51156285892023e-30	0	0	0	0
41591643	rs2304869	8.20887099927271	5.31413631244482e-19	1.93367407463796	1.87037392754566e-06	3.77912485637932e-23	0	0	0	0
41592620	rs11777488	0.233364113689732	2.51463193173295e-26	0.738975166007602	5.32315294929643e-07	5.08948081161492e-31	0	0	0	0
41593223	rs493915	2.06747550294946	6.72472816796504e-25	1.22329881601159	9.65771996362368e-07	2.46933181784396e-29	0	0	0	0
41593309	rs17603828	7.4358075393738	1.43201197656259e-19	0.914352711703143	6.29148857096052e-07	3.42554890850149e-24	0	0	0	0
41593802	rs7820101	0.450138811528057	3.52618029589518e-26	0.0213630516155257	3.0787028380582e-07	4.1276455529175e-31	0	0	0	0
41593949	rs146933081	0.194295295566136	1.04529431309758e-25	0.418391633967942	5.02370772623396e-07	1.99660917594443e-30	0	0	0	0
