pos	id	t2d	t2d_pp	Liver_ENSG00000134250.13_expr	Liver_ENSG00000134250.13_expr_pp	combined_pp	LIV.ADLT_10_EnhA2	LIV.ADLT_11_EnhWk	LIV.ADLT_1_TssA	LIV.ADLT_9_EnhA1	LIV.HEPG2.CNCR_11_EnhWk	LIV.HEPG2.CNCR_1_TssA	LIV.HEPG2.CNCR_9_EnhA1
120365519	rs2994815	0.101439355060288	2.2288044269375e-16	0.0425603341132878	2.09434575815678e-07	1.92923406208163e-21	0	0	0	0	0	0	0
120365603	rs138912000	0.0418185024350521	9.03654972364721e-16	0.464376801850688	4.89482824056439e-07	1.82811990595168e-20	0	0	0	0	0	0	0
120365753	rs7537153	0.60624935965192	5.50793336689465e-15	0.506819484220201	4.80003070430509e-07	1.0926907610711e-19	0	0	0	0	0	0	0
120365833	rs1341408	0.695078838099108	4.82142625921128e-15	0.402354168524442	4.52948258557177e-07	9.02586224849725e-20	0	0	0	0	0	0	0
120365980	rs7537385	0.457672617226026	5.10991851004101e-15	0.569441230477242	4.94551768799125e-07	1.04445639116775e-19	0	0	0	0	0	0	0
120366055	rs4659238	3.29567785917776	8.06970907463415e-14	0.607201078631059	3.30937908552801e-07	1.10374557101473e-18	0	0	0	0	0	0	0
120366220	rs76806899	0.711303739409744	4.91714475074069e-15	0.402354168524442	4.52948258557177e-07	9.205050288038e-20	0	0	0	0	0	0	0
120366283	rs2185608	0.0604308313440984	2.18201607825726e-16	0.276266927852801	2.74480107722107e-07	2.4753316783683e-21	0	0	0	0	0	0	0
120366443	rs79803392	0.705533773838407	4.88088881814403e-15	0.402354168524442	4.52948258557177e-07	9.13717803702444e-20	0	0	0	0	0	0	0
120366712	rs3009195	0.0713481533463054	2.16518576150582e-16	0.276266927852801	2.74480107722107e-07	2.45623896102907e-21	0	0	0	0	0	0	0
120367259	rs113247660	0.699187205881883	4.84066502294307e-15	0.688901252287494	5.3671427438985e-07	1.07377367897944e-19	0	0	0	0	0	0	0
120367554	rs76900638	0.676129393459491	4.69814400007314e-15	0.688901252287494	5.3671427438985e-07	1.04215915445986e-19	0	0	0	0	0	0	0
120368670	rs1856971	0.0703767484847596	2.19156799513934e-16	0.141313050791876	2.47979832270751e-07	2.24613517672536e-21	0	0	0	0	0	0	0
120368721	rs1856970	0.0604308313440984	2.18201607825726e-16	0.276266927852801	2.74480107722107e-07	2.4753316783683e-21	0	0	0	0	0	0	0
120369114	rs79003295	0.70245833218184	4.86472129733063e-15	0.688901252287494	5.3671427438985e-07	1.07910992805457e-19	0	0	0	0	0	0	0
120369593	rs112690491	0.398591939465316	2.07215841519001e-15	0.289084199712768	4.20537138852344e-07	3.6015702265748e-20	0	0	0	0	0	0	0
120369784	rs79324842	0.686765708305276	4.76094516151428e-15	0.688901252287494	5.3671427438985e-07	1.05608993336011e-19	0	0	0	0	0	0	0
120370288	rs56384412	2.28466531620769	1.61135568940831e-14	0.477025286243288	3.62517314341971e-07	2.41426394547944e-19	0	0	0	0	0	0	0
120370777	rs59055697	0.445389714773836	5.04989487035845e-15	0.569441230477242	4.94551768799125e-07	1.03218768786761e-19	0	0	0	0	0	0	0
120371217	rs2994816	0.106793246940152	2.23629240647678e-16	0.104557010553938	2.13004334031857e-07	1.96870936516787e-21	0	0	0	0	0	0	0
120371903	rs2994817	0.101439355060288	2.2288044269375e-16	0.104557010553938	2.13004334031857e-07	1.96211735805712e-21	0	0	0	0	0	0	0
120372282	rs2994818	0.115431185081667	2.16723031460149e-16	0.104557010553938	2.13004334031857e-07	1.9079108816336e-21	0	0	0	0	0	0	0
120372328	rs116126579	0.667561540084395	5.6426826252144e-15	1.26979690058707	8.58767165488276e-07	2.00274489274101e-19	0	0	0	0	0	0	0
120372329	rs116374979	0.667763584508557	5.64312557856316e-15	1.26979690058707	8.58767165488276e-07	2.00290210919564e-19	0	0	0	0	0	0	0
120372335	rs112332104	0.665144310382708	5.63721051054181e-15	1.26979690058707	8.58767165488276e-07	2.00080268715532e-19	0	0	0	0	0	0	0
120372492	rs2363611	0.106793246940152	2.23629240647678e-16	0.104557010553938	2.13004334031857e-07	1.96870936516787e-21	0	0	0	0	0	0	0
120372705	rs74115360	0.127494100654075	4.57576984551128e-15	0.569441230477242	4.94551768799125e-07	9.35277548999228e-20	0	0	0	0	0	0	0
120373264	rs2994819	0.085709744334051	2.20855683618502e-16	0.276266927852801	2.74480107722107e-07	2.50544015443367e-21	0	0	0	0	0	0	0
120373298	rs3009194	0.108295323760817	2.21051101015671e-16	0.303199931344545	2.74737817787368e-07	2.51001146202592e-21	0	0	0	0	0	0	0
120374292	rs78190117	0.636764195516306	4.46272350235711e-15	0.688901252287494	5.3671427438985e-07	9.89937335197086e-20	0	0	0	0	0	0	0
120374995	rs72697210	1.06986635415888	2.6845794432565e-15	0.105243772548759	4.00663890017843e-07	4.445504370082e-20	0	0	0	0	0	0	0
120376133	rs143120695	0.158140190224939	6.78122608874079e-16	0.0831335360641594	4.13942582176694e-07	1.16014669344882e-20	0	0	0	0	0	0	0
120376477	rs947268	0.0451788169482068	2.19696741072715e-16	0.276266927852801	2.74480107722107e-07	2.49229283060972e-21	0	0	0	0	0	0	0
120376535	rs150979031	0.1444808443322	6.70660555832453e-16	0.0831335360641594	4.13942582176694e-07	1.14738045317119e-20	0	0	0	0	0	0	0
120376580	rs12745055	0.441771578196674	4.5110466708808e-16	0.263418663080231	3.38023851444208e-07	6.3021573753483e-21	0	0	0	0	0	0	0
120377129	rs1815687	0.0362593811421159	2.16421830239013e-16	0.276266927852801	2.74480107722107e-07	2.45514145206915e-21	0	0	0	0	0	0	0
120378615	rs10158202	0.596707854841746	4.19786602214212e-15	0.688901252287494	5.3671427438985e-07	9.31185698885187e-20	0	0	0	0	0	0	0
120378678	rs3009182	0.086875209610441	2.18240008012132e-16	0.104557010553938	2.13004334031857e-07	1.92126551243224e-21	0	0	0	0	0	0	0
120378702	rs10158823	0.56976364658849	4.1057676182133e-15	0.688901252287494	5.3671427438985e-07	9.10756100566348e-20	0	0	0	0	0	0	0
120379011	rs116159487	0.124475736050691	1.28254189600568e-15	0.506819484220201	4.80003070430509e-07	2.54436934345508e-20	0	0	0	0	0	0	0
120379166	rs75019127	0.548520594875138	4.00509139091608e-15	0.688901252287494	5.3671427438985e-07	8.88423738699062e-20	0	0	0	0	0	0	0
120379243	rs75471434	0.651500429716162	4.31019523829826e-15	0.688901252287494	5.3671427438985e-07	9.56102968540738e-20	0	0	0	0	0	0	0
120379245	rs3009183	0.041006334969674	2.16708996670323e-16	0.276266927852801	2.74480107722107e-07	2.45839913734227e-21	0	0	0	0	0	0	0
120379638	rs142145908	0.40340290437354	4.92089103277325e-15	0.223661363527744	4.60584585308851e-07	9.36737108954599e-20	0	0	0	0	0	0	0
120379932	rs115348036	0.384470776362867	8.54782470825486e-16	0.488124656839418	4.6068778245468e-07	1.62752204624065e-20	0	0	0	0	0	0	0
120380008	rs3009184	0.0703767484847596	2.19156799513934e-16	0.104557010553938	2.13004334031857e-07	1.92933644273758e-21	0	0	0	0	0	0	0
120380566	rs115636994	0.203356296214884	4.95008531081475e-15	0.494775383730032	4.76685235186931e-07	9.75234287708159e-20	0	0	0	0	0	0	0
120380990	rs3009186	0.0703767484847596	2.19156799513934e-16	0.0739885460040977	2.0998650338659e-07	1.90200173770264e-21	0	0	0	0	0	0	0
120381730	rs6695145	0.835052627378158	6.08084170313491e-15	1.14612664593812	7.91535600620586e-07	1.98929288202846e-19	0	0	0	0	0	0	0
120381846	rs61789693	0.239426746055606	4.04989557738508e-16	0.115483308079372	3.10781438140344e-07	5.20191768310405e-21	0	0	0	0	0	0	0
120382121	rs2226084	0.0562582341686862	2.15120236299367e-16	0.104557010553938	2.13004334031857e-07	1.89380075080127e-21	0	0	0	0	0	0	0
120382352	rs74115365	0.206768552943479	4.58762654431995e-15	0.569441230477242	4.94551768799125e-07	9.37701032822795e-20	0	0	0	0	0	0	0
120382452	rs947274	0.0562582341686862	2.15120236299367e-16	0.104557010553938	2.13004334031857e-07	1.89380075080127e-21	0	0	0	0	0	0	0
120382624	rs6690032	0.120216219909584	4.68379718748752e-15	0.506819484220201	4.80003070430509e-07	9.2919459488375e-20	0	0	0	0	0	0	0
120384066	rs140014891	0.405386490839902	9.59553560293499e-16	0.178903279825557	3.83025242038184e-07	1.51901196517627e-20	0	0	0	0	0	0	0
120384205	rs2994820	0.0562582341686862	2.15120236299367e-16	0.104557010553938	2.13004334031857e-07	1.89380075080127e-21	0	0	0	0	0	0	0
120384682	rs3009187	0.0132730406687815	2.15495366900299e-16	0.276266927852801	2.74480107722107e-07	2.44463142845376e-21	0	0	0	0	0	0	0
120384777	rs2994821	0.0506099933550872	2.17386186340087e-16	0.104557010553938	2.13004334031857e-07	1.91374893402295e-21	0	0	0	0	0	0	0
120384785	rs2994822	0.0555173278498314	2.17776528189605e-16	0.153444558211853	2.19723130765065e-07	1.97765907472073e-21	0	0	0	0	0	0	0
120385026	rs7536072	0.188023055663046	4.93564618151396e-15	0.506819484220201	4.80003070430509e-07	9.79157630132466e-20	0	0	0	0	0	0	0
120385921	rs3009188	2.41793663708829	1.33390082324466e-14	0.54394689308964	3.09654138614759e-07	1.70712376164917e-19	0	0	0	0	0	0	0
120385937	rs2994823	0.393833685392379	4.56086194796528e-16	0.551350868542749	4.29329105544197e-07	8.09285643924946e-21	0	0	0	0	0	0	0
120386922	rs12068863	0.669180533504163	4.68257567524325e-15	0.688901252287494	5.3671427438985e-07	1.03870573280211e-19	0	0	0	0	0	0	0
120387120	rs12405228	1.91435271170314	4.20685108111729e-15	0.392630771823521	2.58599014339074e-07	4.49623064998499e-20	0	0	0	0	0	0	0
120387376	rs2153676	0.026964559313067	2.15949679529315e-16	0.276266927852801	2.74480107722107e-07	2.44978526051618e-21	0	0	0	0	0	0	0
120389133	rs3009189	0.0555173278498314	2.17776528189605e-16	0.104557010553938	2.13004334031857e-07	1.91718528989723e-21	0	0	0	0	0	0	0
120389238	rs111548189	0.182236367719632	4.93047437036859e-15	0.506819484220201	4.80003070430509e-07	9.78131620941703e-20	0	0	0	0	0	0	0
120389330	rs111710314	0.184953823935369	4.93152103800415e-15	0.506819484220201	4.80003070430509e-07	9.7833926398658e-20	0	0	0	0	0	0	0
120389422	rs3009190	0.0177740083253252	2.15613059799159e-16	0.276266927852801	2.74480107722107e-07	2.44596656509078e-21	0	0	0	0	0	0	0
120389707	rs111995801	0.205163542185439	4.95143052383171e-15	0.506819484220201	4.80003070430509e-07	9.82289005163954e-20	0	0	0	0	0	0	0
120389944	rs17038441	1.15857795559764	8.55960717252281e-15	0.688901252287494	5.3671427438985e-07	1.89872276654058e-19	0	0	0	0	0	0	0
120390354	rs3009192	0.0265950255899393	2.18629568002638e-16	0.276266927852801	2.74480107722107e-07	2.48018656185677e-21	0	0	0	0	0	0	0
120391118	rs10923913	0.667763584508557	4.66687771339804e-15	0.688901252287494	5.3671427438985e-07	1.03522355459661e-19	0	0	0	0	0	0	0
120392239	rs12734865	0.80465394165158	9.31414630209598e-16	0.11243051969451	3.30145779914124e-07	1.27090586401341e-20	0	0	0	0	0	0	0
120392355	rs2495288	0.0265950255899393	2.18629568002638e-16	0.0779563536927974	2.56850871154754e-07	2.32088978806501e-21	0	0	0	0	0	0	0
120392714	rs17038446	0.798329820353418	9.2125109619815e-16	0.11243051969451	3.30145779914124e-07	1.25703782441503e-20	0	0	0	0	0	0	0
120393395	rs10923914	0.674074044228534	4.71138534520476e-15	0.688901252287494	5.3671427438985e-07	1.04509639713399e-19	0	0	0	0	0	0	0
120394328	rs2487571	0.022047878798538	2.18446670380374e-16	0.276266927852801	2.74480107722107e-07	2.47811172710738e-21	0	0	0	0	0	0	0
120394712	rs7511654	0.202247871349289	4.59403335807461e-15	0.569441230477242	4.94551768799125e-07	9.39010571822284e-20	0	0	0	0	0	0	0
120394844	rs2487572	0.0311902860871418	2.18845917176589e-16	0.185242474347531	2.56958650842151e-07	2.32416132486881e-21	0	0	0	0	0	0	0
120395030	rs183973204	0.901010360598823	3.00848443618321e-15	0.363537179109669	4.50209164849444e-07	5.59791988403566e-20	0	0	0	0	0	0	0
120395095	rs2487573	0.041006334969674	2.16708996670323e-16	0.114881441932778	2.14018832741613e-07	1.91687375144746e-21	0	0	0	0	0	0	0
120395879	rs140920776	0.111595832262953	4.94945403205553e-16	0.740640292371748	5.35351808444011e-07	1.09511857943934e-20	0	0	0	0	0	0	0
120395902	rs2487574	1.40099076017666	6.35629741847053e-15	1.8380214197654	2.26280894144994e-06	5.94451838097343e-19	0	0	0	0	0	0	0
120395914	rs2487575	0.0362593811421159	2.16421830239013e-16	0.380679141972455	2.90714322894952e-07	2.60035159113325e-21	0	0	0	0	0	0	0
120396298	rs72697218	0.87484417041947	1.55198624025485e-15	0.408910895001381	4.23773419496123e-07	2.71822972451231e-20	0	0	0	0	0	0	0
120397124	rs142077548	0.133594501621945	6.70671866084602e-16	0.0831335360641594	4.13942582176694e-07	1.14739980299297e-20	0	0	0	0	0	0	0
120397780	rs2885848	0.970210529168144	6.4737065183085e-15	1.14612664593812	7.91535600620586e-07	2.11781508644984e-19	0	0	0	0	0	0	0
120397860	rs2487577	0.737074530668168	2.01966560667482e-15	1.15998554381519	7.8473091014386e-07	6.55035454620926e-20	0	0	0	0	0	0	0
120399410	rs2487578	0.960982678002588	3.09166796277508e-15	0.95064240510497	6.32241071009317e-07	8.07867483459101e-20	0	0	0	0	0	0	0
120399587	rs75393459	1.79805693659835	6.26499491864666e-15	0.00999832055632986	2.82956640386688e-07	7.32664571402545e-20	0	0	0	0	0	0	0
120400032	rs835564	0.203217588298692	4.94920232214789e-15	0.506819484220201	4.80003070430509e-07	9.81846963615604e-20	0	0	0	0	0	0	0
120400299	rs111818689	1.86742015234026	7.1477845389111e-15	0.0435021303308003	2.80249533608448e-07	8.27905807832619e-20	0	0	0	0	0	0	0
120400343	rs835565	0.0132730406687815	2.15495366900299e-16	0.276266927852801	2.74480107722107e-07	2.44463142845376e-21	0	0	0	0	0	0	0
120400425	rs835566	0.192464971931147	4.94279766924927e-15	0.526054890264724	4.85337417602834e-07	9.91473671760058e-20	0	0	0	0	0	0	0
120400847	rs835567	0.186619193266144	4.9361171767907e-15	0.506819484220201	4.80003070430509e-07	9.79251068479143e-20	0	0	0	0	1	0	0
120401043	rs12082526	0.560351570436526	4.09118448462564e-15	0.688901252287494	5.3671427438985e-07	9.07521217563858e-20	0	0	0	0	1	0	0
120401939	rs76190017	0.634324859544082	1.21193959174639e-15	0.488124656839418	4.6068778245468e-07	2.3075559824879e-20	0	0	0	0	0	0	0
120402436	rs72697221	0.707079700399994	1.31230132849226e-15	0.501309088130234	4.67721308940254e-07	2.53679458993433e-20	0	0	0	0	0	0	0
120402764	rs860674	0.0223221123260061	2.15764473694816e-16	0.34865219428252	2.94576811984738e-07	2.6268971780825e-21	0	0	0	0	0	0	0
120402790	rs844346	0.0223221123260061	2.15764473694816e-16	0.34865219428252	2.94576811984738e-07	2.6268971780825e-21	0	0	0	0	0	0	0
120404295	rs856658	0.0177740083253252	2.15613059799159e-16	0.34865219428252	2.94576811984738e-07	2.62505373866723e-21	0	0	0	0	0	0	0
120404592	rs10923915	0.697236291527018	4.78029796979941e-15	0.688901252287494	5.3671427438985e-07	1.06038284271294e-19	0	0	0	0	0	0	0
120404614	rs3850866	1.08249449044745	8.76761433292466e-16	0.251629762645534	2.13763234061518e-07	7.74602737097184e-21	0	0	0	0	0	0	0
120404936	rs12079449	0.580374639112257	4.18919123799625e-15	0.688901252287494	5.3671427438985e-07	9.29261427149277e-20	0	0	0	0	0	0	0
120405231	rs4261152	1.97922451180644	4.88427259122292e-15	0.681352430996345	3.50547049614087e-07	7.07637416185112e-20	0	0	0	0	0	0	0
120405554	rs9803731	1.06950943469373	8.55568926100335e-16	0.251629762645534	2.13763234061518e-07	7.55879543473884e-21	0	0	0	0	0	0	0
120405606	rs79775675	0.470441326978837	1.03952943242911e-15	0.307183914082723	4.66283379181484e-07	2.00332450409877e-20	0	0	0	0	0	0	0
120405733	rs835577	0.19266796070881	4.94315585335027e-15	0.506819484220201	4.80003070430509e-07	9.80647435561765e-20	0	0	0	0	0	0	0
120406216	rs80015043	0.933301449577005	6.36806803211767e-15	1.14612664593812	7.91535600620586e-07	2.08325640215794e-19	0	0	0	0	0	0	0
120406583	rs835578	0.0272881594529334	2.13269821116011e-16	0.34865219428252	2.94576811984738e-07	2.59652519094606e-21	0	0	0	0	0	0	0
120406847	rs6686155	2.15776531365276	1.28170793481064e-14	0.616308479441558	4.30148593739614e-07	2.27862132928739e-19	0	0	0	0	0	0	0
120407402	rs12097726	0.621965677542668	4.40210748790103e-15	0.688901252287494	5.3671427438985e-07	9.76491273439232e-20	0	0	0	0	0	0	0
120407589	rs11799473	1.8955128886876	7.56976878783364e-15	0.0435021303308003	2.80249533608448e-07	8.7678294012375e-20	0	0	0	0	0	0	0
120407646	rs2495290	0.876148359032914	2.64859790495706e-15	0.833146751448515	5.82466366027581e-07	6.37604629371503e-20	0	0	0	0	0	0	0
120408549	rs2266023	0	2.15344141851802e-16	0.34865219428252	2.94576811984738e-07	2.62177970664078e-21	0	0	0	0	0	0	0
120409441	rs17024398	0.523168371487739	3.89198212108708e-15	0.688901252287494	5.3671427438985e-07	8.63333434739722e-20	0	0	0	0	0	0	0
120409578	rs2793833	0.0451788169482068	2.19696741072715e-16	0.294855006830423	2.76473730229685e-07	2.51039502068758e-21	0	0	0	0	0	0	0
120409703	rs10923916	1.01836257534423	7.77337648554803e-16	0.251629762645534	2.13763234061518e-07	6.86763636441098e-21	0	0	0	0	0	0	0
120410028	rs2793834	0.284916329305073	5.04617237103257e-15	0.506819484220201	4.80003070430509e-07	1.00108435620168e-19	0	0	0	0	0	0	0
120410030	rs2641341	0.279014255846261	5.03926821277474e-15	0.506819484220201	4.80003070430509e-07	9.99714675517695e-20	0	0	0	0	0	0	0
120410436	rs77923202	0.128835867197051	7.5696416714382e-16	0.521136381273004	4.89829075393529e-07	1.53244345977583e-20	0	0	0	0	0	0	0
120410708	rs2793835	0.166279309555367	2.36865941041812e-16	0.454514747977165	3.08126934559376e-07	3.01645505866477e-21	0	0	0	0	0	0	0
120411136	rs78311267	1.30338154076777	4.95592869262075e-15	0.299106861039531	4.7396456068624e-07	9.70812806535513e-20	0	0	0	0	0	0	0
120411183	rs2493399	0.494036481981874	5.11705981205816e-15	1.62936849941776	8.6653789433991e-07	1.83262088163394e-19	0	0	0	0	0	0	0
120412019	rs74710428	2.77780395369828	4.69420054097137e-14	0.182827457852061	3.08555870315831e-07	5.98632140606845e-19	0	0	0	0	0	0	0
120412885	rs10923918	0.757707095017069	4.85477532625807e-16	0.63508333822487	3.43535865748347e-07	6.8929606437623e-21	0	0	0	0	0	0	0
120413071	rs17186323	0.166534139829308	4.0616118276909e-16	0.24093378646181	3.59066885253213e-07	6.02751566071058e-21	0	0	0	0	0	0	0
120414174	rs9662844	1.53625627875294	3.2257126308532e-15	1.65016902699243	1.9098174119691e-06	2.54613895347955e-19	0	1	0	0	0	0	0
120414678	rs74115381	2.88239730830992	5.85257261051703e-14	0.182827457852061	3.08555870315831e-07	7.46354579296654e-19	0	0	0	0	0	0	0
120415214	rs112213318	0.467118280592603	3.69566663215064e-15	0.688901252287494	5.3671427438985e-07	8.19786028795122e-20	0	0	0	0	0	0	0
120415361	rs11808443	2.90587840415944	6.1506114338906e-14	0.105083320283382	2.87686471819887e-07	7.31311342463043e-19	0	0	0	0	0	0	0
120415364	rs12060624	1.48784946307797	2.93324463530444e-15	1.65016902699243	1.9098174119691e-06	2.31528635086695e-19	0	0	0	0	0	0	0
120415986	rs4659245	2.25547232652743	8.82850693604911e-15	1.02909317991871	6.24786743886617e-07	2.27973122139211e-19	0	0	0	0	0	0	0
120416935	rs114615983	0.108574057152006	7.90021815765343e-16	0.227045652703176	4.09642328550425e-07	1.3375452648421e-20	0	0	0	0	0	0	0
120417470	rs61447698	1.52651302993543	3.16448025368773e-15	1.92177888146466	3.04922145188012e-06	3.98800720646239e-19	0	0	0	0	0	0	0
120418046	rs6669867	1.54607040794227	3.28838654780863e-15	1.84020429085377	2.64768942399265e-06	3.59844178831595e-19	0	0	0	0	0	0	0
120418185	rs111240114	0.312738653756494	3.17272920425544e-15	0.688901252287494	5.3671427438985e-07	7.03786172749376e-20	0	0	0	0	0	0	0
120418499	rs6683791	3.98800688534074	4.14015425043643e-13	1.92144531358412	3.09145094504187e-06	5.28985124489454e-17	0	0	0	0	0	0	0
120418844	rs11802076	2.96497071779763	6.97110803770861e-14	0.182827457852061	3.08555870315831e-07	8.88996814386537e-19	0	0	0	0	0	0	0
120420048	rs2487580	0.424235019463281	2.0234376276057e-15	2.29737390273522	1.61340196973055e-06	1.34926415399829e-19	0	0	0	0	0	0	0
120420260	rs79460646	0.568314655313988	1.11947757483122e-15	0.488124656839418	4.6068778245468e-07	2.13150654756675e-20	0	0	0	0	0	0	0
120420586	rs2495291	0.630227711403037	1.75695362340421e-15	1.55674953292306	1.07314166051885e-06	7.79259186755397e-20	0	0	0	0	0	0	0
120421604	rs10923920	1.58787559382668	3.53885477013577e-15	1.96324338974737	3.27270115655377e-06	4.78667198842637e-19	0	0	0	0	0	0	0
120422045	rs67591840	1.51684079028302	3.10465258225664e-15	1.92177888146466	3.04922145188012e-06	3.91260993244402e-19	0	0	0	0	0	0	0
120422061	rs67905606	1.5070999888913	3.04619380617889e-15	1.92177888146466	3.04922145188012e-06	3.83893779623544e-19	0	0	0	0	0	0	0
120422701	rs79332994	0.339513984215032	7.43308447510375e-16	0.405284887536836	4.39877798459216e-07	1.35134328902595e-20	0	0	0	0	0	0	0
120422705	rs4659246	0.256098449514821	2.55836827660366e-16	0.490082757542072	2.95857228584687e-07	3.12831029503545e-21	0	0	0	0	0	0	0
120422838	rs12061487	1.47951646725921	2.86034519488985e-15	1.92177888146466	3.04922145188012e-06	3.60472378896903e-19	0	0	0	0	0	0	0
120422965	rs12061529	1.45062884766682	2.70352973893693e-15	1.87223453966599	2.79142748284062e-06	3.11904814965797e-19	0	0	0	0	0	0	0
120423187	rs28546096	0.508078287413849	4.29879591393586e-16	1.02430447788813	7.19462088025603e-07	1.27826035367649e-20	0	0	0	0	0	0	0
120424791	rs35826960	0.819587367161676	9.33272298095697e-16	0.190053968812485	3.2626142745268e-07	1.25845788136063e-20	0	0	0	0	0	0	0
120424845	rs139478394	2.87975520445363	5.86555118864236e-14	0.0687898596866017	2.88544660144813e-07	6.99497954362256e-19	0	0	0	0	0	0	0
120425169	rs12097800	1.46864883541694	2.82536559883429e-15	1.92177888146466	3.04922145188012e-06	3.56064107396827e-19	0	0	0	0	0	0	0
120425174	rs60949447	1.44009337496389	2.67250471649608e-15	1.9017613431439	2.92976569025792e-06	3.23605539332802e-19	0	0	0	0	0	0	0
120425404	rs4659247	2.171662399941	7.29601321214433e-15	0.946284034546506	5.43049915926435e-07	1.63753254654762e-19	0	0	0	0	0	0	0
120425577	rs2843027	0.150457747994983	2.39515782947385e-16	0.361417903804107	2.81646626668692e-07	2.78806740106308e-21	0	0	0	0	0	0	0
120425847	rs10923921	2.17698247655395	7.48816143611159e-15	0.946284034546506	5.43049915926435e-07	1.68065869796193e-19	0	0	0	0	0	0	0
120425925	rs2843026	2.45358073316481	4.47911616225961e-14	0.196622785497409	4.48461026898995e-07	8.30197862091357e-19	0	0	0	0	0	0	0
120425982	rs10923922	0.647817481888637	4.76482686086567e-15	0.699809002580081	5.35274210477829e-07	1.05411506913846e-19	0	0	0	0	0	0	0
120426028	rs377315078	0.599980364934841	1.230267941716e-15	0.27403122745332	4.26044746496587e-07	2.1663044892559e-20	0	0	0	0	0	0	0
120428046	rs12057420	1.44009337496389	2.67250471649608e-15	1.92177888146466	3.04922145188012e-06	3.36799954945868e-19	0	0	0	0	0	0	0
120428078	rs78854743	2.89109687233269	6.01163442889794e-14	0.0687898596866017	2.88544660144813e-07	7.16919152206927e-19	0	0	0	0	0	0	0
120428097	rs7539526	2.06193081377661	5.8885211693753e-15	0.929858654270176	5.33091558077355e-07	1.29739620671078e-19	0	0	0	0	0	0	0
120428280	rs11800545	2.81247927916354	5.04959005642564e-14	0.105083320283382	2.87686471819887e-07	6.00399248553535e-19	0	0	0	0	0	0	0
120428635	rs2793837	0.150457747994983	2.39515782947385e-16	0.361417903804107	2.81646626668692e-07	2.78806740106308e-21	0	1	0	0	0	0	0
120428796	rs2843025	1.13727247168203	1.57910750005155e-15	0.355730828268579	3.43747705746612e-07	2.2434483864299e-20	0	1	0	0	0	0	0
120428831	rs17024432	1.44009337496389	2.67250471649608e-15	1.92177888146466	3.04922145188012e-06	3.36799954945868e-19	0	1	0	0	0	0	0
120428953	rs2453052	0.38795825535473	1.93004465781412e-15	2.09561503371651	1.33341918165561e-06	1.06364972994966e-19	0	1	0	0	0	0	0
120429402	rs74115384	2.72193266911134	4.14076445343528e-14	0.105083320283382	2.87686471819887e-07	4.92339346065552e-19	0	0	0	0	0	0	0
120429512	rs3850867	0.568475415812549	4.33239278114807e-15	0.699809002580081	5.35274210477829e-07	9.58448365363093e-20	0	0	0	0	0	0	0
120429554	rs2843024	3.74957999769111	2.48354874566517e-13	1.62372971200312	1.82063902399409e-06	1.8687926343084e-17	0	0	0	0	0	0	0
120430326	rs75173717	0.113847818029203	6.86102563797209e-16	0.0656116513131075	3.53207401429933e-07	1.00157486165599e-20	0	0	0	0	0	0	0
120430331	rs12059465	0.854492828590337	6.17162273520095e-15	0.699809002580081	5.35274210477829e-07	1.36533828325314e-19	0	0	0	0	0	0	0
120430876	rs78073184	2.75129126439908	4.51216343961426e-14	0.0687898596866017	2.88544660144813e-07	5.38099318248191e-19	0	0	0	0	0	0	0
120431343	rs77961682	0.181906130853364	4.94241896140239e-16	0.0690662432329159	3.02311888334761e-07	6.17531848973298e-21	0	0	0	0	0	0	0
120431602	rs78937272	2.89109687233269	6.01163442889794e-14	0.0894705740680642	2.94854212395428e-07	7.32595889555132e-19	0	0	0	0	0	0	0
120431807	rs11801176	2.87321942298799	5.69582988500613e-14	0.127247782957486	2.94645931780348e-07	6.93620686406639e-19	0	0	0	0	0	0	0
120432060	rs56918624	1.49743633089264	2.98906910831701e-15	1.92177888146466	3.04922145188012e-06	3.76694691985861e-19	0	0	0	0	0	0	0
120432181	rs2843021	0.119701008574247	2.31200871338582e-16	0.261368458616007	2.45977113304503e-07	2.3504377028614e-21	0	0	0	0	0	0	0
120433211	rs60234477	1.49743633089264	2.98906910831701e-15	1.92177888146466	3.04922145188012e-06	3.76694691985861e-19	0	0	0	0	0	0	0
120434360	rs2641342	0.15602015552184	2.40611586647496e-16	0.10295051949295	2.15403810427378e-07	2.14207413112227e-21	0	0	0	0	0	0	0
120434611	rs7354885	0.91721462968355	6.72292409594587e-15	0.699809002580081	5.35274210477829e-07	1.48730180658087e-19	0	0	0	0	0	0	0
120434626	rs10802138	2.17698247655395	7.48816143611159e-15	1.15204626663189	7.66360194576106e-07	2.37177078756903e-19	0	0	0	0	0	0	0
120434793	rs67765421	1.68634365338197	4.34053591398299e-15	1.81451167493395	2.52690977742384e-06	4.53312471751986e-19	0	0	0	0	0	0	0
120435163	rs7547168	2.81247927916354	5.04959005642564e-14	0.0767927787617772	2.89878988294014e-07	6.04975012005946e-19	0	0	0	0	0	0	0
120435184	rs74355885	0.14466259553046	4.89918092506065e-15	0.0230043334034748	4.76509397799871e-07	9.6484938936856e-20	0	0	0	0	0	0	0
120435245	rs78165043	2.77572598570574	4.71310120339681e-14	0.0767927787617772	2.89878988294014e-07	5.64661373546928e-19	0	0	0	0	0	0	0
120435436	rs6428845	1.25251050774133	2.41188227580794e-15	0.812733161820706	5.49310202530767e-07	5.47568364930851e-20	0	0	0	0	0	0	0
120435771	rs12075536	0.242452146530756	7.8158199666018e-16	1.09075964425548	7.26552977014715e-07	2.34696391141101e-20	0	1	0	0	1	0	0
120436751	rs35273427	9.27002571430044	7.66646219592871e-08	4.21207076884784	0.000152094964700934	4.81919403710708e-10	0	1	0	0	1	0	0
120437718	rs2793823	14.137093786437	0.00258127363397449	5.12999193958034	0.0018112500475655	0.000193231103132271	0	1	0	0	0	0	0
120437884	rs2641348	15.2508823376437	0.0344710900801838	6.46461978929314	0.03254131902117	0.0463612084562724	0	0	0	0	0	0	0
120438827	rs41276636	0.425968732272281	1.38731051611031e-15	0.391920256734186	4.75089255260326e-07	2.72403990083821e-20	0	0	0	0	0	0	0
120439109	rs6668119	14.3209356818787	0.00445090882718662	5.89529784325531	0.00842808250184862	0.00155039391225872	0	0	0	0	0	0	0
120439649	rs6428846	1.94005811193804	2.89452421854649e-14	1.65994077314681	7.13126121456481e-07	8.5311604559737e-19	0	0	0	0	0	0	0
120440029	rs2027447	15.2863414837916	0.0373323704394424	6.46461978929314	0.03254131902117	0.05020943068768	0	0	0	0	0	0	0
120440193	rs73002471	1.95900230757651	2.98196474707588e-14	2.5074505254172	1.16295320280514e-06	1.4332743274101e-18	0	0	0	0	0	0	0
120441885	rs76686822	0.00740230389796176	8.79923738651501e-16	0.307183914082723	4.66283379181484e-07	1.69574110399128e-20	0	0	0	0	1	0	0
120441998	rs2487568	14.3556599011737	0.0042142804628465	3.39825933248212	4.61490171528515e-05	8.03804566081062e-06	0	0	0	0	1	0	0
120443540	rs2641346	15.5717031860171	0.070902037492326	6.46461978929314	0.03254131902117	0.0953582881339103	0	0	0	0	0	0	0
120443702	rs2793826	14.2461872164353	0.00329657288273756	4.326638982634	0.000296528986021665	4.04012137262247e-05	0	0	0	0	0	0	0
120444009	rs115640286	0.1444808443322	4.58646355170149e-16	0.0179590945800663	3.26685033680491e-07	6.19258195940404e-21	0	0	0	0	0	0	0
120444402	rs78188788	0.103639154530684	9.19396193000741e-16	0.307183914082723	4.66283379181484e-07	1.77181026814181e-20	0	0	0	0	0	0	0
120445032	rs74115387	0.0524682543044069	6.61740959958513e-16	0.168498156680001	3.71714543657108e-07	1.01662819137871e-20	0	0	0	0	0	0	0
120445902	rs7517669	0.779107750780481	5.28675568965364e-15	1.56383576213988	9.81957267325801e-07	2.14558837727381e-19	0	0	0	0	0	0	0
120446063	rs2641352	15.5000381344038	0.0603615850916266	6.46461978929314	0.03254131902117	0.0811821158737486	0	0	0	0	0	0	0
120446201	rs74115388	0.0708877433453393	6.74853496267819e-16	0.114450513408128	3.75082099617029e-07	1.04616555930399e-20	0	0	0	0	0	0	0
120446294	rs115764389	0.228780098050466	3.01238217380545e-16	0.123751551966266	2.58439849786638e-07	3.21761536268846e-21	0	0	0	0	0	0	0
120446633	rs61789710	0.628193541492584	1.64603375761389e-15	0.0481012730244244	3.5724019997921e-07	2.43032099916981e-20	0	0	0	0	0	0	0
120447338	rs12070092	1.76497684050478	2.19886867063068e-14	1.25086995593901	5.61868696259118e-07	5.10621040332626e-19	0	0	0	0	0	0	0
120447463	rs2493398	14.137093786437	0.00258127363397449	3.25075157371202	3.42641621641122e-05	3.65543225893829e-06	0	0	0	0	0	0	0
120448697	rs12071541	0.201211286048751	4.79334491913952e-15	0.0652582100341976	4.51690696799148e-07	8.94837971697705e-20	0	0	0	0	0	0	0
120448749	rs2641338	12.6974526275125	0.000113424154296277	4.326638982634	0.000296528986021665	1.39007195121825e-06	0	0	0	0	0	0	0
120448805	rs2793827	13.7864822430037	0.00119437763413428	5.70535744639713	0.00680838822170638	0.000336086100607801	0	0	0	0	0	0	0
120450282	rs74115390	0.0338113190438628	6.57971955516381e-16	0.168498156680001	3.71714543657108e-07	1.01083789517347e-20	0	1	0	0	0	0	0
120450346	rs58560300	1.32873456705284	7.75832829576541e-15	1.14612664593812	7.91535600620586e-07	2.53806759140754e-19	0	1	0	0	0	0	0
120451190	rs3897478	15.1405014418122	0.0272913612148993	6.46461978929314	0.03254131902117	0.0367049746148506	0	0	0	0	0	0	0
120451209	rs74115392	0.0307705201373569	6.57496945943249e-16	0.168498156680001	3.71714543657108e-07	1.01010814115726e-20	0	0	0	0	0	0	0
120451352	rs947273	14.2461872164353	0.00329657288273756	4.326638982634	0.000296528986021665	4.04012137262247e-05	0	0	0	0	0	0	0
120451389	rs74115393	0.115487840809606	3.83368919598869e-15	0.734288544797985	5.28270855686951e-07	8.37024423666028e-20	0	0	0	0	0	0	0
120451390	rs74115395	0.115544503929512	3.83280041054781e-15	0.734288544797985	5.28270855686951e-07	8.36830371648927e-20	0	0	0	0	0	0	0
120452676	rs17024486	0.0399575442731585	6.59052799376196e-16	0.168498156680001	3.71714543657108e-07	1.01249838833447e-20	0	0	0	0	0	0	0
120453618	rs74115396	0.0399575442731585	6.59052799376196e-16	0.168498156680001	3.71714543657108e-07	1.01249838833447e-20	0	0	0	0	0	0	0
120454086	rs17024487	0.0660068361687576	6.73380039653112e-16	0.114450513408128	3.75082099617029e-07	1.04388139011475e-20	0	0	0	0	0	0	0
120455095	rs1043964	0.0307705201373569	6.57496945943249e-16	0.168498156680001	3.71714543657108e-07	1.01010814115726e-20	0	0	0	0	0	0	0
120455310	rs699779	15.2104897959097	0.0319440102910102	5.58646889739534	0.00436465833540636	0.00576241149252016	0	0	0	0	0	0	0
120455441	rs699780	13.8124792791635	0.00124663936071442	4.326638982634	0.000296528986021665	1.52782131757155e-05	0	0	0	0	0	0	0
120455586	rs835576	15.1754836719928	0.0295247684263538	5.97896790261887	0.0103168855723785	0.0125892451777453	0	0	0	0	0	0	0
120456563	rs835575	15.0009129773741	0.0199432684586834	6.46461978929314	0.03254131902117	0.0268223030998354	0	0	0	0	0	0	0
120457501	rs7527186	0.0757207139381184	6.76427654062587e-16	0.114450513408128	3.75082099617029e-07	1.048605836607e-20	0	0	0	0	0	0	0
120458004	rs6685892	15.2104897959097	0.0319440102910102	6.46461978929314	0.03254131902117	0.0429624626487278	0	0	0	0	0	0	0
120458270	rs75831573	1.24488773360493	5.99069221283513e-15	0.316729564805415	4.20621442508587e-07	1.04143697699376e-19	0	0	0	0	0	0	0
120458924	rs3795666	0.0609802235513335	6.74601180002804e-16	0.0735788317704226	3.89309190068073e-07	1.08544127061811e-20	0	0	0	0	0	0	0
120459433	rs41277624	6.69122222633528	2.6888995707836e-10	1.59960881486449	1.38794597531261e-06	1.54245222609096e-14	0	0	0	0	0	0	0
120459721	rs144654514	0.328456914737426	1.03227074196335e-15	0.199456811753183	4.0439910931265e-07	1.72531495373569e-20	0	0	0	0	0	0	0
120460030	rs145717780	0.944239535312265	3.34960376874856e-15	0.316729564805415	4.20621442508587e-07	5.82303530062597e-20	0	0	0	0	0	0	0
120460634	rs3897840	1.13774932540207	8.66519124552927e-15	1.56383576213988	9.81957267325801e-07	3.51669997909065e-19	0	0	0	0	0	0	0
120460916	rs10494233	0.0593839176625924	6.74167385824276e-16	0.0735788317704226	3.89309190068073e-07	1.08474329065856e-20	0	0	0	0	0	0	0
120461253	rs2793829	15.3510548178343	0.0438144670100165	6.46461978929314	0.03254131902117	0.0589273978202258	0	0	0	0	0	0	0
120461536	rs17258558	0.0502685476842929	5.89312987431111e-16	0.119912171301823	4.28823410674354e-07	1.04445342148431e-20	0	0	0	0	0	0	0
120461629	rs17024508	0.0612301772168825	6.72006640085944e-16	0.114450513408128	3.75082099617029e-07	1.04175233049769e-20	0	0	0	0	0	0	0
120462468	rs56342935	0.0502197916379994	6.69187866566208e-16	0.114450513408128	3.75082099617029e-07	1.03738263575336e-20	0	0	0	0	0	0	0
120463044	rs41306195	0.579549140893932	6.80651968181814e-16	0.583148220690381	4.63117163079708e-07	1.3028084262499e-20	0	0	0	0	0	0	0
120463230	rs835574	13.8931294555213	0.00151663711182949	3.18421179602399	3.04415062005146e-05	1.90814948167256e-06	0	0	0	0	0	0	0
120463398	rs12117337	0.226652458019177	6.6336092735005e-16	0.0560180420720379	3.76028220257359e-07	1.03094359466886e-20	0	0	0	0	0	0	0
120463592	rs78144975	1.31515463835559	1.1481370412915e-14	1.25086995593901	5.61868696259118e-07	2.66620257180044e-19	0	0	0	0	0	0	0
120464165	rs835573	13.3646167959525	0.000463887856021745	6.04294227303906	0.0155479080600312	0.000298091467580188	0	0	0	0	0	0	0
120465584	rs17024519	0.0492944652261388	6.61002794521593e-16	0.168498156680001	3.71714543657108e-07	1.01549415277678e-20	0	0	0	0	0	0	0
120465681	rs17258565	0.00797697223614937	7.02642167771018e-16	0.0265862529854138	3.68320272612615e-07	1.06960742968701e-20	0	0	0	0	0	0	0
120466108	rs2793830	12.5065419490048	7.39346600110894e-05	4.326638982634	0.000296528986021665	9.06107678227108e-07	0	0	0	0	0	0	0
120466754	rs17024521	0.0822844834405066	6.78684375127132e-16	0.0768357993845069	3.78870436413268e-07	1.06273050527365e-20	0	0	0	0	0	0	0
120467876	rs41302079	0.0562582341686862	4.61656296280707e-16	0.572559335155799	4.3814916216397e-07	8.35998169578048e-21	0	0	0	0	0	0	0
120469077	rs17258579	0.21339052735134	2.84279174710376e-16	0.123751551966266	2.58439849786638e-07	3.03647076321989e-21	0	0	0	0	0	0	0
120469983	rs74117505	0.0430635861558038	6.59658847285534e-16	0.168498156680001	3.71714543657108e-07	1.01342945566631e-20	0	0	0	0	0	0	0
120470312	rs113896243	0.0689491532226089	6.76935594501984e-16	0.0735788317704226	3.89309190068073e-07	1.08919737113387e-20	0	0	0	0	0	0	0
120470314	rs76896471	7.15459186037821	8.55421176267741e-10	2.17782276391715	2.38908196136597e-06	8.44647739872532e-14	0	0	0	0	0	0	0
120470445	rs72697235	1.19327749692382	1.30383791455734e-15	0.888253712500809	5.7341910874257e-07	3.09001327455052e-20	0	0	0	0	0	0	0
120471224	rs2493394	15.1055177849899	0.0252293191101722	6.46461978929314	0.03254131902117	0.0339316720114082	0	0	0	0	0	0	0
120471424	rs2493393	0.419417123185633	5.14441611675216e-15	0.939075630310519	5.89020096670757e-07	1.2523645931381e-19	0	0	0	0	0	0	0
120471857	rs2493392	15.1754836719928	0.0295247684263538	6.46461978929314	0.03254131902117	0.0397087513175058	0	0	0	0	0	0	0
120472507	rs2493391	15.1754836719928	0.0295247684263538	6.46461978929314	0.03254131902117	0.0397087513175058	0	0	0	0	0	0	0
120473066	rs2493390	15.2104897959097	0.0319440102910102	6.46461978929314	0.03254131902117	0.0429624626487278	0	0	0	0	0	0	0
120473425	rs72697237	15.1055177849899	0.0252293191101722	4.82218656333451	0.000674335323969789	0.000703146821545987	0	0	0	0	0	0	0
120473657	rs112304416	1.28692967414436	1.10505501240945e-14	1.21720929638661	5.58727858662331e-07	2.5518127496473e-19	0	0	0	0	0	0	0
120473682	rs112391001	0.0641402019621195	6.75501791299536e-16	0.0315656204264434	4.12068248998663e-07	1.1504300975113e-20	0	0	0	0	0	0	0
120473988	rs146381510	0.166470418241356	9.01578251434175e-16	1.51776547065792	8.19297292612419e-07	3.05287852862574e-20	0	0	0	0	0	0	0
120474012	rs11810614	0.536554968229572	4.8523407206644e-15	0.0844951658145565	4.46754877597758e-07	8.95952878643114e-20	0	0	0	0	0	0	0
120474178	rs2493389	15.1754836719928	0.0295247684263538	6.36926609081497	0.0199861748765921	0.0243882568941496	0	0	0	0	0	0	0
120474507	rs6688004	13.848323769153	0.00135104635777234	5.01585809707752	0.00121615080355461	6.79082064100689e-05	0	0	0	0	0	0	0
120474899	rs4659248	1.00318197812048	9.17392405282801e-16	1.18136244781534	8.98106045107987e-07	3.40523695605441e-20	0	0	0	0	0	0	0
120477998	rs2453056	13.5044556624535	0.000634702641923005	5.59919271066391	0.00527214421414583	0.000138299995323258	0	0	0	0	0	0	0
120478285	rs5025718	13.9204569925971	0.00158735155563574	3.39825933248212	4.61490171528515e-05	3.02761156891319e-06	0	0	0	0	0	0	0
120478352	rs17024536	0.067627717852086	6.73860043520872e-16	0.114450513408128	3.75082099617029e-07	1.04462549756556e-20	0	0	0	0	0	0	0
120478807	rs72697239	8.37520242103924	1.05881004977296e-08	2.55705796126234	5.86937684647896e-06	2.56847076742054e-12	0	0	0	0	0	0	0
120480394	rs2453057	0.0701725187693086	4.68208700920761e-15	0.939075630310519	5.89020096670757e-07	1.13981448219733e-19	0	0	0	0	0	0	0
120480583	rs7543643	1.13525166437034	8.7405261803093e-15	1.66691562885635	7.83208466962198e-07	2.82930345381912e-19	0	0	0	0	0	0	0
120480709	rs2453058	15.1405014418122	0.0272913612148993	6.46461978929314	0.03254131902117	0.0367049746148506	0	0	0	0	0	0	0
120484421	rs2493420	13.3297541469259	0.000429033512400608	6.00640947907656	0.0143869165850749	0.000255107672460091	0	0	0	0	0	0	0
120484718	rs186147970	0.304255724802677	1.68443103167885e-15	0.21284002233804	4.64792546959399e-07	3.23576495494075e-20	0	0	0	0	0	0	0
120485335	rs6697258	0.0899094544059319	3.51065619856987e-16	0.246189513080619	3.24054460610193e-07	4.70187287158318e-21	0	0	0	0	0	0	0
120486061	rs6672942	0.507239610973162	3.43647294780427e-15	1.56383576213988	9.81957267325801e-07	1.39466562263401e-19	0	0	0	0	0	0	0
120487636	rs74117563	0.0368735589180954	6.58490539172012e-16	0.168498156680001	3.71714543657108e-07	1.01163459175991e-20	0	0	0	0	0	0	0
120487871	rs77167138	1.4600461583436	3.35356837848856e-15	1.06265264968916	7.81396863979245e-07	1.08303728435034e-19	0	0	0	0	0	0	0
120487938	rs74117565	0.0384365376379305	6.5876620296235e-16	0.168498156680001	3.71714543657108e-07	1.01205809218916e-20	0	0	0	0	0	0	0
120488880	rs74117567	0.0384365376379305	6.5876620296235e-16	0.168498156680001	3.71714543657108e-07	1.01205809218916e-20	0	0	0	0	0	0	0
120489057	rs10923926	13.9562448730313	0.00172086410883262	3.30066794502022	3.80299474612707e-05	2.70481072743309e-06	0	0	0	0	0	0	0
120489335	rs74117568	0.0620309970485472	6.64222006172002e-16	0.168498156680001	3.71714543657108e-07	1.02043980600947e-20	0	0	0	0	0	0	0
120489877	rs74338522	0.0656530732617444	5.68735235974151e-16	0.604490140977669	5.124384292938e-07	1.2045266275767e-20	0	0	0	0	0	0	0
120490046	rs59024536	0.112607781028153	6.82792487163088e-16	0.168498156680001	3.71714543657108e-07	1.04896951120436e-20	0	0	0	0	0	0	0
120490204	rs74117570	0.0353632962114985	6.58225794383033e-16	0.168498156680001	3.71714543657108e-07	1.01122786611909e-20	0	0	0	0	0	0	0
120491301	rs17024559	0.0446009133607329	6.59978328751355e-16	0.168498156680001	3.71714543657108e-07	1.01392027289606e-20	0	0	0	0	0	0	0
120491995	rs75023863	0.0559617199455818	3.73968084744292e-15	0.735248270310155	5.28401361717364e-07	8.16700922648895e-20	0	0	0	0	0	0	0
120492164	rs2493416	13.2254100497352	0.00033963149049719	6.04294227303906	0.0155479080600312	0.000218245095499996	0	0	0	0	0	0	0
120492200	rs2493415	14.9314431049276	0.0170581415032268	6.46461978929314	0.03254131902117	0.022942008862154	0	0	0	0	0	0	0
120494103	rs112305138	0.0641402019621195	6.75501791299536e-16	0.0735788317704226	3.89309190068073e-07	1.08689036483738e-20	0	0	0	0	0	0	0
120494622	rs115335166	0.127028369261556	6.00969625226276e-16	0.611121176765202	5.13692686985688e-07	1.27591129798379e-20	0	0	0	0	0	0	0
120494795	rs2453054	0.160207815554671	4.82597072364582e-15	0.939075630310519	5.89020096670757e-07	1.17484175553645e-19	0	0	0	0	0	0	0
120495506	rs2934387	14.9661743060467	0.0184434943355624	6.46461978929314	0.03254131902117	0.0248052116589325	0	0	0	0	0	0	0
120495767	rs143447478	0.0965844142309137	8.16504572633253e-16	0.886491159467181	5.75789673412806e-07	1.94306384514224e-20	0	0	0	0	0	0	0
120496119	rs7534585	14.9314431049276	0.0170581415032268	6.46461978929314	0.03254131902117	0.022942008862154	0	0	0	0	0	0	0
120496127	rs7534586	15.0009129773741	0.0199432684586834	6.46461978929314	0.03254131902117	0.0268223030998354	0	0	0	0	0	0	0
120498086	rs4659250	13.609948503541	0.000803862829267232	3.39825933248212	4.61490171528515e-05	1.53323590673272e-06	0	0	0	0	0	0	0
120498250	rs10127888	14.9661743060467	0.0184434943355624	6.46461978929314	0.03254131902117	0.0248052116589325	0	0	0	0	0	0	0
120499573	rs2453051	14.9661743060467	0.0184434943355624	6.46461978929314	0.03254131902117	0.0248052116589325	0	1	0	0	0	0	0
120499745	rs113611179	0.0126019008629826	8.88047683388256e-16	0.307183914082723	4.66283379181484e-07	1.71139712781645e-20	0	0	0	1	0	0	0
120500640	rs57257204	0.0685421293109949	6.66099826327132e-16	0.168498156680001	3.71714543657108e-07	1.02332468849908e-20	0	0	0	1	0	0	1
120500951	rs17186372	8.33780900914099	9.74119464999789e-09	2.55705796126234	5.86937684647896e-06	2.36302759910883e-12	0	0	0	1	0	0	1
120501712	rs17024564	0.0612301772168825	6.72006640085944e-16	0.114450513408128	3.75082099617029e-07	1.04175233049769e-20	0	0	0	1	0	0	1
120501764	rs7553305	1.22366209037982	1.00469354616578e-14	1.66691562885635	7.83208466962198e-07	3.25218741018182e-19	0	0	0	1	0	0	1
120504985	rs2453045	0.0400527842915014	4.73470585722812e-15	0.939075630310519	5.89020096670757e-07	1.1526240957078e-19	0	0	0	1	0	0	1
120505532	rs1493696	13.1907770783106	0.000314249233513868	6.04294227303906	0.0155479080600312	0.000201934614127314	0	0	0	1	0	0	1
120505996	rs10923929	13.5395532161193	0.000686636950645369	3.18421179602399	3.04415062005146e-05	8.63888883670207e-07	0	0	0	1	1	0	0
120506032	rs17024577	0.0394340971818023	6.66903985308538e-16	0.114450513408128	3.75082099617029e-07	1.0338421370725e-20	0	0	0	0	1	0	0
120506108	rs2934381	15.0009129773741	0.0199432684586834	6.46461978929314	0.03254131902117	0.0268223030998354	0	0	0	0	1	0	0
120506786	rs2493411	13.2601113449155	0.000367103639933778	6.04294227303906	0.0155479080600312	0.000235898528839176	0	0	0	0	0	0	0
120506945	rs7552541	1.83773438570198	2.45572565666912e-14	1.25086995593901	5.61868696259118e-07	5.7026834131947e-19	0	0	0	0	0	0	0
120507018	rs77801324	0.699621935129297	8.63995965828968e-16	0.419433094382233	3.86660609515849e-07	1.38072193325639e-20	0	0	0	0	0	0	0
120508524	rs2453044	13.5746288335611	0.000742901185240139	6.04294227303906	0.0155479080600312	0.000477383707507345	0	0	0	1	0	0	0
120508803	rs2493410	14	0.00192772392018517	4.326638982634	0.000296528986021665	2.36252583743518e-05	0	0	0	0	0	0	0
120509665	rs114421644	1.13188479467278	3.99947784129319e-15	0.304632165612035	4.42402688839017e-07	7.31283257950453e-20	0	0	0	0	0	0	0
120511386	rs17024584	0.067627717852086	6.73860043520872e-16	0.114450513408128	3.75082099617029e-07	1.04462549756556e-20	0	0	0	0	0	0	0
120512104	rs2493409	0.0934494808985499	4.71682416896233e-15	0.939075630310519	5.89020096670757e-07	1.14827094993938e-19	0	0	0	0	0	0	0
120513117	rs1493695	13.9641701747472	0.00177941303734183	4.326638982634	0.000296528986021665	2.18076314360683e-05	0	0	0	0	0	0	0
120513447	rs10494234	0.0666139580969456	6.68202450688368e-16	0.168498156680001	3.71714543657108e-07	1.02655493618036e-20	0	0	0	0	0	0	0
120513548	rs7515431	15.2104897959097	0.0319440102910102	5.69816946928361	0.00589062712135725	0.00777706175690833	0	0	0	0	0	0	0
120514887	rs73004274	0.183294816333485	4.88214815944492e-15	1.14612664593812	7.91535600620586e-07	1.5971510288757e-19	0	0	0	0	0	0	0
120515032	rs77542178	0.308123177440669	8.59138699610933e-16	0.0699382834437108	4.38213856014832e-07	1.55601566754334e-20	0	0	0	0	0	0	0
120515284	rs17258599	8.09653017149283	5.69408787010385e-09	2.55705796126234	5.86937684647896e-06	1.38127686308056e-12	0	0	0	0	0	0	0
120515447	rs113304891	0.187554597127244	1.01277247252311e-15	0.307183914082723	4.66283379181484e-07	1.95175994828854e-20	0	0	0	0	0	0	0
120515554	rs17024593	0.0625824185228621	6.75045974698927e-16	0.114450513408128	3.75082099617029e-07	1.04646394155533e-20	0	0	0	0	0	0	0
120516618	rs2641317	15.1055177849899	0.0252293191101722	6.46461978929314	0.03254131902117	0.0339316720114082	1	0	0	0	0	0	0
120517570	rs145320872	0.124649303420711	5.6649892609432e-16	0.011219047864836	3.38118226344127e-07	7.91648240769058e-21	0	1	0	0	0	0	0
120517702	rs17258606	0.0607304136612687	6.77195541498194e-16	0.0735788317704226	3.89309190068073e-07	1.08961562892265e-20	0	1	0	0	0	0	0
120517959	rs10923931	14.8607507824284	0.0147594736069935	6.24656173006723	0.019501893489841	0.0118963087446111	0	0	0	0	0	0	0
120519618	rs56302051	15.2104897959097	0.0319440102910102	6.46461978929314	0.03254131902117	0.0429624626487278	0	0	0	0	0	0	0
120519649	rs149771244	0.380593589113223	1.21728180168358e-15	0.299106861039531	4.7396456068624e-07	2.38452333665866e-20	0	0	0	0	0	0	0
120520132	rs12073841	1.90239567112559	2.73980607070289e-14	1.65994077314681	7.13126121456481e-07	8.07515275140953e-19	0	0	0	0	0	0	0
120520317	rs72697252	2.23433144524099	2.79832465379027e-14	0.247040106523512	4.58575399328958e-07	5.30363257716144e-19	0	0	0	0	0	0	0
120520715	rs10494235	14.1791420105603	0.00288131282052645	4.326638982634	0.000296528986021665	3.53119858759293e-05	0	0	0	0	0	0	0
120521065	rs116746393	0.112326447545553	6.93630934754336e-16	0.968462276628584	5.66210726885364e-07	1.62319660047483e-20	0	0	0	0	0	0	0
120521760	rs1466708	2.00594693641232	3.20339162231195e-14	1.65994077314681	7.13126121456481e-07	9.44149914454279e-19	0	0	0	0	0	0	0
120522366	rs74115508	0.106515653781514	3.79810060401907e-15	0.734288544797985	5.28270855686951e-07	8.29254226563549e-20	0	0	0	0	0	0	0
120522764	rs74115509	0.0625824185228621	6.75045974698927e-16	0.114450513408128	3.75082099617029e-07	1.04646394155533e-20	0	0	0	0	0	0	0
120522829	rs74115510	1.04359142880417	7.70139462596767e-15	1.66691562885635	7.83208466962198e-07	2.49293714874535e-19	0	0	0	0	0	0	0
120523754	rs10923932	1.86232946276324	2.58302731518649e-14	1.65994077314681	7.13126121456481e-07	7.61307172585501e-19	0	0	0	0	0	0	0
120523902	rs2793831	15.1405014418122	0.0272913612148993	6.46461978929314	0.03254131902117	0.0367049746148506	0	0	0	0	0	0	0
120524331	rs116567297	0.182963773949971	5.44681481159519e-16	0.0227342452067544	3.42945576659274e-07	7.72026829795559e-21	0	0	0	0	0	0	0
120524704	rs140570745	2.0808172709575	1.92561727447717e-14	0.247040106523512	4.58575399328958e-07	3.649600304321e-19	0	0	0	0	0	0	0
120525480	rs116062645	0.246646787358504	7.85086700998342e-16	0.0669831995108815	4.56878201100194e-07	1.48245881147242e-20	0	0	0	0	0	0	0
120525554	rs2641316	14.0715017318763	0.00226319523221546	4.21675335916177	0.000226456210980086	2.11821887678267e-05	0	0	0	0	0	0	0
120525844	rs56368891	0.456304367690755	7.78541851142526e-16	0.516843645614444	4.56993997106382e-07	1.47047293926299e-20	0	0	0	0	0	0	0
120526897	rs74115511	0.0875653666244253	3.7864108012455e-15	0.734288544797985	5.28270855686951e-07	8.26701945997995e-20	0	0	0	0	0	0	0
120526982	rs1493694	15.6697892154285	0.0897049443137069	4.81669598366966	0.000781476949645478	0.00289732445105231	0	0	0	0	0	0	0
120528568	rs1493693	0.0504636266238574	6.66580959478789e-16	0.277330710226914	3.90502433287431e-07	1.07582399489192e-20	0	0	0	0	0	0	0
120528932	rs2453042	13.9284861949049	0.00164269038725216	4.21368735170046	0.000230727831159972	1.56646349103179e-05	0	0	0	0	0	0	0
120529750	rs2453040	14.7920964696139	0.0126530255680304	5.9816490743272	0.0104372641619514	0.00545815216464123	0	0	0	0	0	0	0
120530100	rs12132511	0.174963558778646	6.62584167135103e-16	0.294846443651144	4.18670258813506e-07	1.14650972470113e-20	0	0	0	0	0	0	0
120531133	rs1493698	13.5395532161193	0.000686636950645369	6.04294227303906	0.0155479080600312	0.000441228658296821	0	0	0	0	0	0	0
120531321	rs76863659	0.00709318177668748	6.57889707610962e-16	0.0265862529854138	3.68320272612615e-07	1.0014823354647e-20	1	0	0	0	0	0	0
120542784	rs327189	12.0851281824599	2.95405286803763e-05	5.22844338378271	0.00167388656980955	2.043661043017e-06	0	0	0	0	0	0	0
120543910	rs58158973	0.450628847666823	4.56505351974943e-15	0.734288544797985	5.28270855686951e-07	9.96706069801104e-20	0	0	0	0	0	0	0
120546750	rs58945078	1.19490712165733	9.79769555490818e-15	1.65994077314681	7.13126121456481e-07	2.88771855291906e-19	0	0	0	0	0	0	0
120546805	rs375724393	1.74232142513082	1.06787834800735e-14	0.396269022205313	4.86946795901514e-07	2.14915565771984e-19	0	0	0	0	0	0	0
120549727	rs6662643	0.101768615486903	7.10758863125366e-16	0.165452142319051	3.76727099588508e-07	1.10665875446184e-20	0	0	0	0	0	0	0
120552346	rs61787044	13.3038184128315	0.000423239971867692	4.39034583937924	0.000349527024430497	6.11409263659986e-06	0	0	0	0	0	0	0
120553299	rs185541848	0.137391636035058	7.28426357647379e-16	0.168498156680001	3.71714543657108e-07	1.11907651987277e-20	0	0	0	0	0	0	0
120554048	rs406767	14.0975619438013	0.00295015484486559	6.11568902835641	0.0125716071509599	0.00153285187934415	0	0	0	0	0	0	0
120554324	rs139277602	0.929223537156565	6.2136906784446e-15	0.68648499609943	5.27053489023141e-07	1.35353316197772e-19	0	0	0	0	0	0	0
120554371	rs77962823	0.0271032155634556	7.75343236747466e-16	0.119912171301823	4.28823410674354e-07	1.37415925614616e-20	0	0	0	0	0	0	0
120590711	rs587772192	0.0833355354586028	5.06154949032528e-15	0.330768684805347	4.8025884868633e-07	1.00467001567473e-19	0	0	0	0	0	0	0
120607942	rs587713347	0.144602003345931	4.52579274319089e-15	1.25086995593901	5.61868696259118e-07	1.05097909198695e-19	0	0	0	0	0	0	0
120608075	rs61200250	0.229884705212898	9.87403467975919e-16	0.0768357993845069	3.78870436413268e-07	1.54614401758468e-20	0	0	0	0	0	0	0
120608422	rs111334782	0.364717362001788	1.14365532331079e-15	0.168498156680001	3.71714543657108e-07	1.75698999042007e-20	0	0	0	0	0	0	0
120609802	rs112402692	0.0967471831060415	3.86088008976119e-15	1.65994077314681	7.13126121456481e-07	1.1379344258369e-19	0	1	0	0	0	0	0
120616456	rs56764529	0.0957714836599215	9.28345843260301e-16	0.110642263111068	3.81118245738082e-07	1.46229203989954e-20	0	0	0	0	0	0	0
120625943	rs114984846	0.275560276602925	4.48375633322294e-15	1.25086995593901	5.61868696259118e-07	1.04121740149748e-19	0	0	0	0	0	0	0
120628445	rs587738287	0.492819022739759	5.33571779655477e-15	0.177763249976131	4.66824688333595e-07	1.02946419361532e-19	0	0	0	0	0	0	0
120637824	rs74115534	0.61852390972497	1.3743969210021e-15	0.180325137828808	3.75442624717184e-07	2.13265364286524e-20	0	0	0	0	0	0	0
120643130	rs587681529	0.0516359440116307	1.53607537181199e-15	0.802396942886908	5.2288381043927e-07	3.31957357975833e-20	0	0	0	0	0	0	0
120647620	rs143542255	0.826813731587726	6.39659841185258e-16	0.021944629049826	1.84068187557574e-07	4.86622740126209e-21	0	0	0	0	0	0	0
120654347	rs76945886	0.0391963750882303	1.02940083668227e-15	0.127642657567932	4.25745141760532e-07	1.8113350698115e-20	0	0	0	0	0	0	0
120656244	rs60780736	0.39491053811842	7.25195013168435e-16	0.091780464432901	3.85200882280592e-07	1.15453382210914e-20	0	0	0	0	0	0	0
120656523	rs56267751	0.84163750790475	6.64342937102292e-16	0.0181669014929852	1.86081295685138e-07	5.10927903400996e-21	0	0	0	0	0	0	0
120656789	rs147805563	0.744245213356956	2.0797457089644e-15	0.108938352549744	3.98146535297511e-07	3.42229746565996e-20	0	0	0	0	0	0	0
120657775	rs113736263	2.03886378261277	1.34356630437228e-14	1.01275482948676	7.34432104973824e-07	4.07826399164125e-19	0	0	0	0	0	0	0
120659753	rs6677820	2.22141467213704	1.11853052044281e-14	0.640642694388338	3.63758472395958e-07	1.68161097907477e-19	0	1	0	0	0	0	0
120662260	rs145932492	0.102867956617906	3.64893614245854e-16	0.413328319882219	3.14225264777461e-07	4.73883886856649e-21	0	0	0	0	0	0	0
120673731	rs142886143	0.324680016660708	1.34569091371106e-15	0.597434288066969	4.92104861085456e-07	2.73695434499638e-20	0	1	0	0	0	0	0
120673990	rs4659037	0.321572677566133	3.07568787659067e-16	0.0349168874380815	1.84062056261586e-07	2.33975890148938e-21	0	1	0	0	0	0	0
120678705	rs55840287	0.997402019280091	9.80857751179849e-16	0.0466501586834155	2.04679326478205e-07	8.29744888261021e-21	0	0	0	0	0	0	0
120683117	rs1869635	0.499214827082544	5.83748496260576e-16	1.44001202714287	1.34353180609664e-06	3.24144237222669e-20	0	0	0	0	0	0	0
120683238	rs9428332	0.428407616638693	1.47661981014887e-15	0.112206092485676	3.61818569869491e-07	2.20812737149478e-20	0	0	0	0	0	0	0
120685820	rs6428853	0.0829673778376066	1.10732830703462e-15	0.0145313111318524	3.68040121481308e-07	1.68436475534258e-20	0	0	0	0	0	0	0
120686091	rs5013292	1.04368746915881	1.89681744430659e-15	0.434801748284334	3.53480117884473e-07	2.7711185409822e-20	0	0	0	0	0	0	0
120686565	rs116379043	0.11747546204512	4.9599362818365e-15	0.70180431857501	5.31469089463425e-07	1.08947855481688e-19	0	0	0	0	0	0	0
120687115	rs4649801	0.495937117321308	1.61337401513083e-15	0.0145313111318524	3.68040121481308e-07	2.45411438595776e-20	0	0	0	0	0	0	0
120687241	rs146846349	0.0479344098149497	1.15203412877728e-15	0.564566561414111	5.044798562057e-07	2.40200414618652e-20	0	0	0	0	0	0	0
120690218	rs115461551	0.32367226611868	9.12699993839932e-16	0.0210898787290156	3.34418888259607e-07	1.26148887344461e-20	0	0	0	0	0	0	0
120693210	rs61789907	0.0195421077238999	3.41961463942121e-16	0.426924071998572	2.93037060841483e-07	4.14156322128172e-21	0	0	0	0	0	0	0
120748311	rs139578054	0.789949150124863	1.26090773675451e-15	0.614622550845038	4.47664890089588e-07	2.33292577767712e-20	0	0	0	0	0	0	0
